1,0.0
2,1.0
3,2.63
4,4.72
5,7.58
6,10.7
7,13.7
8,17.78
9,21.89
10,26.08
11,31.24
12,35.02
13,39.98
14,44.54
15,49.95
16,55.71
17,61.16
18,67.75
19,72.84
20,77.13
21,85.37
22,91.6
23,97.17
24,103.31
25,109.51
26,115.69
27,121.99
28,128.09
29,141.68
30,141.54
31,155.63
32,156.68
33,170.51
34,168.17
35,182.65
36,195.38
37,191.84
38,206.54
39,207.92
40,221.57
41,225.02
42,237.46
43,242.41
44,254.5
45,260.74
46,258.9
47,281.34
48,284.41
49,292.73
50,292.27
51,308.66
52,317.6
53,320.49
54,338.83
55,349.28
56,360.62
57,363.56
58,381.63
59,368.23
60,385.72
61,400.79
62,404.0
63,415.95
64,423.8
65,433.49
66,448.65
67,454.22
68,488.52
69,480.39
70,478.21
71,495.09
72,512.18
73,521.59
74,526.09
75,536.03
76,549.67
77,553.66
78,559.66
79,586.63
80,591.19
81,586.76
82,598.97
83,615.36
84,629.74
85,643.46
86,657.92
87,656.51
88,658.81
89,674.18
90,671.31
91,727.68
92,730.92
93,703.92
94,730.6
95,739.1
96,760.98
97,775.87
98,772.09
99,794.92
100,811.05
101,806.03
102,829.81
103,815.35
104,847.28
105,847.54
106,867.16
107,865.15
108,882.48
109,906.14
110,897.09
111,933.51
112,911.66
113,965.79
114,942.71
115,954.23
116,984.2
117,991.86
118,1017.13
119,1013.91
120,1008.11
121,1013.81
122,1048.69
123,1037.43
124,1082.33
125,1053.04
126,1073.34
127,1118.45
128,1110.97
129,1128.21
130,1141.26
131,1156.21
132,1174.23
133,1171.95
134,1170.67
135,1178.44
136,1213.93
137,1209.75
138,1247.5
139,1210.13
140,1254.11
141,1272.24
142,1251.81
143,1281.62
144,1285.93
145,1333.72
146,1308.01
147,1300.97
148,1317.14
149,1359.05
150,1340.78
151,1387.87
152,1368.05
153,1397.93
154,1399.27
155,1422.94
156,1472.64
157,1465.99
158,1451.92
159,1460.46
160,1499.19
161,1499.42
162,1535.35
163,1520.33
164,1555.59
165,1511.38
166,1572.49
167,1598.74
168,1590.11
169,1587.68
170,1631.0
171,1602.12
172,1659.61
173,1687.8
174,1637.33
175,1671.48
176,1717.17
177,1699.15
178,1737.72
179,1676.52
180,1774.14
181,1714.16
182,1784.58
183,1785.55
184,1770.77
185,1835.7
186,1837.9
187,1816.81
188,1849.77
189,1882.79
190,1901.12
191,1894.88
192,1903.36
193,1895.64
194,1937.04
195,1926.89
196,1935.29
197,1969.86
198,1956.2
199,1962.46
200,2002.68
201,2026.17
202,1995.52
203,2049.68
204,1980.42
205,2052.98
206,2048.09
207,2098.65
208,2146.38
209,2121.97
210,2089.88
211,2163.76
212,2143.88
213,2200.51
214,2179.12
215,2259.2
216,2241.98
217,2225.22
218,2214.35
219,2296.44
220,2278.06
221,2220.76
222,2294.91
223,2237.01
224,2352.54
225,2336.04
226,2403.18
227,2389.05
228,2424.92
229,2410.65
230,2379.93
231,2399.75
232,2397.81
233,2463.01
234,2432.52
235,2424.49
236,2490.26
237,2481.04
238,2540.09
239,2504.83
240,2557.13
241,2573.11
242,2533.85
243,2600.23
244,2605.62
245,2614.99
246,2578.85
247,2618.51
248,2692.55
249,2662.35
250,2624.14
251,2628.97
252,2664.0
253,2725.31
254,2790.6
255,2656.34
256,2673.65
257,2793.62
258,2854.28
259,2832.78
260,2835.66
261,2865.4
262,2788.12
263,2872.59
264,2956.65
265,2870.33
266,2863.71
267,2929.02
268,2879.99
269,2919.0
270,2877.86
271,2995.37
272,2991.0
273,2981.31
274,3033.79
275,2987.66
276,3030.13
277,3026.93
278,3093.18
279,3077.96
280,3120.61
281,3135.49
282,3131.93
283,3095.72
284,3128.56
285,3190.49
286,3196.38
287,3202.1
288,3208.72
289,3283.76
290,3205.15
291,3235.48
292,3331.57
293,3245.24
294,3222.58
295,3339.07
296,3352.37
297,3348.14
298,3364.8
299,3384.88
300,3390.6
301,3376.65
302,3439.45
303,3509.74
304,3449.27
305,3486.29
306,3500.1
307,3549.79
308,3533.79
309,3524.48
310,3474.47
311,3565.92
312,3639.01
313,3562.67
314,3562.98
315,3546.14
316,3627.87
317,3622.57
318,3608.23
319,3663.57
320,3647.81
321,3593.19
322,3815.37
323,3728.23
324,3694.23
325,3759.99
326,3765.18
327,3758.9
328,3868.73
329,3810.53
330,3842.63
331,3915.71
332,3939.4
333,3962.05
334,3845.86
335,3903.64
336,3865.49
337,3940.7
338,3901.96
339,4022.81
340,4024.84
341,4049.0
342,3948.2
343,4102.86
344,3995.37
345,4021.57
346,4080.16
347,4144.95
348,4147.93
349,4115.06
350,4142.86
351,4091.45
352,4094.1
353,4135.5
354,4250.23
355,4211.14
356,4277.66
357,4214.93
358,4189.59
359,4239.64
360,4272.08
361,4327.57
362,4294.77
363,4235.2
364,4389.12
365,4349.08
366,4292.75
367,4376.84
368,4371.27
369,4372.34
370,4389.4
371,4411.81
372,4483.27
373,4487.1
374,4542.33
375,4518.56
376,4399.13
377,4562.72
378,4637.61
379,4524.54
380,4634.01
381,4565.65
382,4604.72
383,4737.45
384,4668.82
385,4625.79
386,4689.64
387,4762.87
388,4692.5
389,4752.28
390,4850.26
391,4778.46
392,4840.47
393,4777.91
394,4740.27
395,4771.98
396,4810.76
397,4963.07
398,4924.37
399,4776.09
400,4976.94
401,4749.59
402,4886.62
403,4968.84
404,5059.0
405,4987.07
406,4989.93
407,5094.11
408,5108.47
409,4950.19
410,5050.9
411,5006.91
412,5075.92
413,5174.69
414,5190.52
415,5068.2
416,5183.6
417,5081.02
418,5208.91
419,5217.61
420,5166.23
421,5109.71
422,5345.17
423,5293.96
424,5216.27
425,5276.98
426,5239.76
427,5358.31
428,5396.06
429,5290.91
430,5286.54
431,5366.53
432,5400.8
433,5410.28
434,5503.94
435,5452.03
436,5422.53
437,5416.66
438,5444.22
439,5616.39
440,5448.34
441,5549.1
442,5447.04
443,5432.85
444,5700.29
445,5664.88
446,5633.04
447,5662.35
448,5683.07
449,5658.16
450,5649.79
451,5694.17
452,5777.2
453,5708.46
454,5812.63
455,5739.51
456,5760.95
457,5782.72
458,5837.46
459,5848.19
460,5919.33
461,5878.98
462,5907.4
463,5843.16
464,5736.86
465,5736.8
466,5864.5
467,6064.69
468,5959.66
469,6055.7
470,6093.14
471,6028.13
472,6020.84
473,6047.38
474,6135.61
475,6072.94
476,6237.16
477,6235.58
478,6117.86
479,6291.22
480,6081.11
481,6210.69
482,6258.02
483,6217.92
484,6190.39
485,6133.41
486,6191.26
487,6304.48
488,6348.17
489,6271.05
490,6337.42
491,6397.34
492,6283.1
493,6301.43
494,6414.26
495,6359.08
496,6415.22
497,6541.36
498,6382.67
499,6514.22
500,6487.58
501,6600.76
502,6509.21
503,6567.17
504,6642.23
505,6453.69
506,6604.78
507,6629.7
508,6691.37
509,6797.69
510,6845.55
511,6675.59
512,6790.93
513,6739.14
514,6853.45
515,6532.81
516,6960.52
517,6703.09
518,6636.78
519,6810.51
520,6793.66
521,6989.68
522,7019.37
523,6923.6
524,6824.17
525,7044.09
526,7002.23
527,7034.73
528,7098.66
529,6856.77
530,7088.83
531,7018.32
532,6991.57
533,7070.5
534,7123.22
535,7002.54
536,7167.1
537,7086.18
538,7195.63
539,7192.96
540,7116.31
541,7236.58
542,7389.94
543,7220.29
544,7333.22
545,7242.39
546,7257.08
547,7283.11
548,7148.76
549,7299.56
550,7333.64
551,7336.25
552,7511.0
553,7464.83
554,7452.03
555,7344.64
556,7471.97
557,7466.14
558,7505.54
559,7407.86
560,7366.55
561,7557.08
562,7383.67
563,7528.64
564,7525.19
565,7575.95
566,7404.64
567,7577.05
568,7551.7
569,7514.59
570,7753.14
571,7505.84
572,7855.48
573,7740.27
574,7764.83
575,7742.41
576,8035.89
577,7724.22
578,7839.34
579,7870.21
580,7773.21
581,7764.9
582,7689.08
583,8145.04
584,7916.68
585,8056.56
586,7932.43
587,7948.34
588,7976.7
589,7997.13
590,8103.57
591,7883.33
592,8172.94
593,7976.47
594,7975.79
595,8235.86
596,8039.02
597,7936.65
598,8260.99
599,8107.78
600,8235.92
601,8065.3
602,8266.21
603,8202.51
604,8276.6
605,8124.16
606,8311.39
607,8409.17
608,8277.06
609,8456.24
610,8406.85
611,8285.18
612,8487.59
613,8395.89
614,8323.53
615,8459.53
616,8497.4
617,8645.14
618,8434.04
619,8469.9
620,8562.31
621,8462.89
622,8623.47
623,8510.85
624,8781.24
625,8664.82
626,8556.88
627,8608.18
628,8570.5
629,8740.77
630,8829.29
631,8742.37
632,8831.73
633,8685.59
634,8774.65
635,8757.13
636,8983.58
637,8704.43
638,8832.68
639,8758.72
640,8798.8
641,8772.72
642,8969.78
643,8800.41
644,8962.75
645,8836.88
646,8767.31
647,8870.43
648,8974.93
649,9094.42
650,8966.44
651,8997.99
652,9014.32
653,9029.45
654,9341.43
655,9451.66
656,9303.55
657,9120.01
658,9153.97
659,9088.92
660,9122.67
661,9191.06
662,9215.7
663,9161.54
664,8997.1
665,9329.77
666,9429.4
667,9355.67
668,9375.21
669,9288.16
670,9211.78
671,9330.48
672,9374.41
673,9311.81
674,9455.97
675,9404.62
676,9590.85
677,9567.47
678,9627.61
679,9777.75
680,9461.13
681,9533.86
682,9659.38
683,9835.53
684,9861.82
685,9748.06
686,9581.68
687,9901.71
688,9710.47
689,9648.44
690,9731.84
691,9963.92
692,9842.7
693,9696.13
694,9840.82
695,9781.77
696,9695.79
697,9784.61
698,9906.77
699,10031.64
700,10044.4
701,9939.89
702,9863.6
703,10075.39
704,10150.13
705,10142.3
706,10088.46
707,10008.66
708,9930.94
709,10448.0
710,9881.38
711,10138.57
712,10026.42
713,10033.91
714,10224.0
715,10093.78
716,10157.91
717,10033.47
718,10529.61
719,10292.69
720,10429.72
721,10476.52
722,10356.07
723,10042.69
724,10488.36
725,10331.93
726,10334.24
727,10469.84
728,10623.79
729,10614.59
730,10734.61
731,10641.67
732,10732.87
733,10703.34
734,10575.15
735,10360.15
736,10631.96
737,10494.8
738,10557.85
739,10516.88
740,10544.23
741,10666.89
742,10819.58
743,10995.54
744,10755.28
745,10669.61
746,10784.78
747,10661.47
748,10835.25
749,10721.4
750,10748.57
751,11001.03
752,10722.44
753,10968.89
754,10868.69
755,11076.6
756,10874.69
757,10716.15
758,10859.31
759,11161.6
760,11020.1
761,11219.89
762,11048.61
763,11113.63
764,11088.64
765,11090.47
766,11126.81
767,11187.88
768,11387.7
769,11251.41
770,11079.49
771,11406.18
772,11149.27
773,11212.88
774,11255.8
775,11311.47
776,11247.67
777,11523.91
778,11208.33
779,11229.98
780,11278.12
781,11335.98
782,11669.74
783,11428.32
784,11263.76
785,11564.01
786,11580.83
787,11679.79
788,11726.47
789,11737.01
790,11412.09
791,11731.97
792,11504.36
793,11487.35
794,11604.3
795,11587.17
796,11584.94
797,11771.49
798,11746.3
799,11638.17
800,11810.04
801,11811.79
802,11929.72
803,11607.22
804,11451.1
805,11739.04
806,12147.63
807,11999.17
808,11928.82
809,12035.81
810,12184.74
811,11950.61
812,12062.1
813,11983.53
814,11881.09
815,12024.5
816,12134.17
817,12039.95
818,11939.93
819,11892.23
820,12142.77
821,12327.99
822,12058.37
823,12284.38
824,12168.1
825,12346.07
826,12254.89
827,12180.72
828,12455.86
829,12232.79
830,12569.8
831,12337.91
832,12226.29
833,12321.17
834,12481.82
835,12317.33
836,12393.49
837,12818.27
838,12675.92
839,12546.46
840,12187.86
841,12105.38
842,12744.98
843,12970.85
844,12730.55
845,12899.68
846,12648.99
847,12884.7
848,12666.09
849,12763.71
850,12767.08
851,12666.78
852,12769.14
853,12927.88
854,12853.45
855,12876.17
856,12659.41
857,13057.87
858,12587.38
859,13141.26
860,12781.82
861,12616.15
862,13113.5
863,12920.23
864,12618.17
865,12853.78
866,12831.66
867,12691.11
868,12906.25
869,12925.71
870,12770.21
871,12746.35
872,12877.18
873,13176.05
874,13075.87
875,12929.69
876,12794.51
877,12915.43
878,13564.67
879,13354.0
880,13330.29
881,13129.41
882,13055.72
883,13178.4
884,13475.93
885,13266.43
886,13310.79
887,13424.39
888,13188.57
889,13347.85
890,13177.16
891,13482.76
892,13276.12
893,13440.11
894,13672.74
895,13542.39
896,13753.08
897,13783.55
898,13323.71
899,13925.11
900,13679.62
901,13541.88
902,13696.29
903,13790.44
904,14074.81
905,13710.61
906,13584.27
907,13556.57
908,13814.48
909,13518.58
910,13652.47
911,13995.89
912,13674.54
913,13915.57
914,13563.9
915,13635.39
916,13590.24
917,13841.88
918,14019.05
919,14112.37
920,14155.3
921,13803.07
922,13910.72
923,13940.3
924,14736.75
925,13996.96
926,14313.73
927,14163.51
928,14142.57
929,14134.85
930,14335.85
931,14382.84
932,14108.77
933,14259.87
934,14203.17
935,14091.49
936,14504.58
937,13853.2
938,14345.64
939,14161.81
940,14531.5
941,14233.1
942,14550.01
943,14571.26
944,14026.68
945,14369.34
946,14167.93
947,14436.77
948,14621.39
949,14915.1
950,14753.52
951,14614.67
952,14331.02
953,14539.54
954,14437.55
955,15076.98
956,14665.87
957,14874.1
958,14353.71
959,14781.7
960,14662.77
961,14796.87
962,14650.29
963,14924.61
964,14814.3
965,15013.08
966,14976.71
967,15212.6
968,14800.25
969,15113.14
970,15190.4
971,14927.51
972,15217.02
973,14848.65
974,14756.68
975,15049.07
976,14916.03
977,15066.62
978,15154.9
979,15118.7
980,15718.21
981,15330.6
982,15039.55
983,15016.07
984,15405.68
985,15388.42
986,15114.79
987,15136.01
988,15054.12
989,14944.18
990,15424.66
991,15047.59
992,15066.09
993,15076.29
994,15351.42
995,15516.36
996,15433.47
997,15393.63
998,15079.35
999,15417.73
1000,16005.89
1001,15470.65
1002,15619.18
1003,15559.89
1004,15701.98
1005,15481.86
1006,15717.75
1007,15472.74
1008,15602.43
1009,15681.93
1010,15450.23
1011,15743.38
1012,15813.93
1013,15864.37
1014,15640.39
1015,15740.58
1016,15840.5
1017,15710.88
1018,15681.26
1019,15810.95
1020,15727.34
1021,16011.62
1022,15953.37
1023,16107.85
1024,16155.89
1025,16055.04
1026,15640.21
1027,15830.52
1028,16273.42
1029,15977.85
1030,16014.75
1031,15779.9
1032,16177.91
1033,16119.96
1034,15875.03
1035,16377.88
1036,16374.77
1037,16244.46
1038,16138.37
1039,16142.98
1040,16395.02
1041,16114.5
1042,16588.87
1043,16113.74
1044,16307.78
1045,15961.81
1046,16678.7
1047,16512.11
1048,16220.12
1049,16420.04
1050,16400.5
1051,16508.9
1052,16421.27
1053,16626.29
1054,16616.34
1055,16636.88
1056,16671.2
1057,16462.87
1058,16581.17
1059,16520.82
1060,16710.16
1061,16643.74
1062,17029.94
1063,16598.0
1064,16488.9
1065,16889.74
1066,17005.08
1067,16836.42
1068,16782.44
1069,16564.1
1070,16580.33
1071,16960.12
1072,16665.19
1073,16937.87
1074,16874.39
1075,16902.46
1076,16965.43
1077,16829.97
1078,17121.82
1079,16639.37
1080,16973.67
1081,17209.01
1082,17043.26
1083,17240.74
1084,17329.4
1085,17168.76
1086,17252.84
1087,17320.7
1088,17459.13
1089,17555.86
1090,16908.74
1091,17247.46
1092,17045.85
1093,17543.72
1094,17301.74
1095,17270.13
1096,17416.96
1097,17365.11
1098,17125.69
1099,17670.3
1100,17200.23
1101,17198.09
1102,17381.65
1103,17194.99
1104,17333.27
1105,17574.91
1106,17837.0
1107,17884.18
1108,17854.17
1109,17533.34
1110,17631.16
1111,17576.07
1112,17959.45
1113,17563.46
1114,17728.33
1115,17630.82
1116,17819.73
1117,17924.56
1118,18045.96
1119,18407.54
1120,17722.02
1121,17870.18
1122,17659.19
1123,18144.54
1124,17959.13
1125,18304.61
1126,17758.87
1127,17846.63
1128,18278.79
1129,18295.65
1130,18203.62
1131,18179.8
1132,18264.98
1133,17872.21
1134,18053.98
1135,17773.63
1136,17895.04
1137,18106.51
1138,18324.93
1139,18078.56
1140,18245.86
1141,18621.75
1142,18036.81
1143,18236.47
1144,18033.04
1145,18341.79
1146,18522.7
1147,18587.45
1148,18434.15
1149,17949.73
1150,18698.59
1151,18825.23
1152,18607.95
1153,18633.32
1154,18663.51
1155,18689.44
1156,18529.5
1157,18509.5
1158,18711.82
1159,18528.82
1160,18714.59
1161,18944.32
1162,18762.66
1163,18791.91
1164,18967.42
1165,18475.27
1166,18973.99
1167,18811.36
1168,18927.15
1169,18785.9
1170,18725.78
1171,18375.77
1172,18905.18
1173,18561.06
1174,18601.3
1175,18375.42
1176,19165.81
1177,18944.89
1178,18664.28
1179,19080.75
1180,18771.59
1181,19115.62
1182,18880.91
1183,18820.43
1184,19054.01
1185,19043.76
1186,19381.63
1187,18815.26
1188,19202.46
1189,19566.81
1190,19197.44
1191,19398.96
1192,19280.08
1193,19217.85
1194,19380.7
1195,18992.03
1196,19211.95
1197,19315.23
1198,19135.94
1199,19274.68
1200,19638.23
1201,19397.33
1202,19646.86
1203,19492.51
1204,19702.52
1205,19255.43
1206,18882.73
1207,19823.97
1208,19937.2
1209,19967.36
1210,19637.95
1211,19997.19
1212,19841.04
1213,19803.01
1214,19873.88
1215,19595.84
1216,19331.92
1217,19297.52
1218,19955.23
1219,19811.41
1220,19454.54
1221,19755.73
1222,19780.95
1223,20098.1
1224,19973.48
1225,20003.35
1226,20046.77
1227,19864.55
1228,20202.16
1229,20217.81
1230,20313.73
1231,20105.22
1232,19658.41
1233,20065.15
1234,20364.79
1235,20498.45
1236,20073.08
1237,20029.26
1238,20245.17
1239,20302.08
1240,19952.15
1241,20309.75
1242,20166.69
1243,20373.4
1244,20235.85
1245,20190.38
1246,20949.82
1247,20307.56
1248,20544.15
1249,20597.93
1250,20070.08
1251,20537.09
1252,20543.11
1253,20666.52
1254,20422.04
1255,20033.38
1256,20549.14
1257,20502.69
1258,20422.79
1259,20717.23
1260,20721.75
1261,20861.31
1262,20645.59
1263,20930.92
1264,20912.15
1265,20272.75
1266,21632.12
1267,21132.72
1268,21184.47
1269,20701.95
1270,20752.19
1271,20828.93
1272,20757.39
1273,20424.33
1274,21373.07
1275,21136.65
1276,21560.58
1277,21092.14
1278,21260.07
1279,21372.68
1280,20644.66
1281,20882.62
1282,21238.61
1283,21133.06
1284,21239.26
1285,21440.54
1286,21029.19
1287,21560.78
1288,20993.93
1289,21229.86
1290,21335.53
1291,21227.72
1292,21330.1
1293,21378.6
1294,21207.46
1295,21494.43
1296,21571.27
1297,21265.47
1298,21239.75
1299,21781.53
1300,21866.2
1301,21293.88
1302,21285.84
1303,21000.41
1304,21440.65
1305,21253.89
1306,21445.28
1307,22702.08
1308,21705.08
1309,21577.2
1310,21125.87
1311,21781.62
1312,21226.12
1313,22001.19
1314,21292.63
1315,21555.03
1316,21736.43
1317,21629.39
1318,21497.31
1319,21734.21
1320,21600.4
1321,22109.13
1322,21282.8
1323,21621.59
1324,21893.1
1325,21944.86
1326,22215.39
1327,22015.47
1328,21657.86
1329,22011.35
1330,22175.39
1331,21938.39
1332,22060.1
1333,22009.44
1334,21780.4
1335,21724.36
1336,21957.14
1337,22139.82
1338,22586.32
1339,22004.23
1340,21951.54
1341,21916.66
1342,22582.77
1343,22345.55
1344,22283.86
1345,22434.55
1346,22387.42
1347,22524.25
1348,22356.27
1349,22540.7
1350,22076.42
1351,22951.58
1352,22284.13
1353,22370.84
1354,22916.27
1355,22657.65
1356,22716.05
1357,22753.29
1358,22784.47
1359,22270.44
1360,22889.7
1361,22817.13
1362,22352.76
1363,22426.54
1364,23355.82
1365,22533.87
1366,22631.1
1367,22610.26
1368,23009.61
1369,22451.46
1370,22713.57
1371,23132.29
1372,23039.07
1373,22856.93
1374,22905.79
1375,22804.95
1376,23208.36
1377,22519.74
1378,22328.49
1379,22967.21
1380,22977.41
1381,22823.32
1382,22829.83
1383,23364.82
1384,23334.12
1385,22752.92
1386,22914.22
1387,23370.13
1388,23496.02
1389,23687.45
1390,22968.49
1391,22788.71
1392,23641.26
1393,23529.94
1394,23508.44
1395,23227.08
1396,23152.88
1397,23723.61
1398,23355.87
1399,23469.15
1400,23843.96
1401,23166.35
1402,24029.98
1403,23996.79
1404,23433.32
1405,23675.8
1406,23795.57
1407,23570.01
1408,23743.36
1409,23450.97
1410,23028.09
1411,23521.99
1412,24031.08
1413,23387.26
1414,22966.73
1415,23846.89
1416,24433.99
1417,23730.56
1418,23807.22
1419,23868.18
1420,23864.75
1421,23877.12
1422,23600.49
1423,23846.11
1424,24235.51
1425,23795.7
1426,24162.53
1427,24191.96
1428,24140.81
1429,24337.96
1430,24451.72
1431,23811.27
1432,24115.87
1433,24242.66
1434,24205.3
1435,24058.19
1436,24333.65
1437,24555.65
1438,24071.59
1439,24055.11
1440,24083.92
1441,24157.95
1442,24075.39
1443,24494.26
1444,23968.57
1445,24053.15
1446,24705.07
1447,24710.81
1448,24833.56
1449,24653.04
1450,24141.77
1451,24446.13
1452,24911.59
1453,25047.65
1454,24618.74
1455,24111.5
1456,25073.46
1457,24220.48
1458,24179.45
1459,24587.88
1460,24746.44
1461,25229.7
1462,24884.01
1463,25098.44
1464,24679.54
1465,25118.18
1466,24543.48
1467,25055.39
1468,24955.3
1469,24343.04
1470,25349.74
1471,24803.44
1472,25355.33
1473,24738.02
1474,24694.69
1475,24978.8
1476,25130.13
1477,25075.76
1478,25259.44
1479,25318.79
1480,25025.37
1481,25475.52
1482,25203.03
1483,25521.34
1484,25342.93
1485,25558.06
1486,24860.66
1487,24850.26
1488,25610.47
1489,25024.36
1490,25202.84
1491,25195.65
1492,25163.72
1493,25049.08
1494,25534.15
1495,25316.44
1496,24839.62
1497,25281.99
1498,25178.35
1499,25405.83
1500,25202.41
1501,25023.14
1502,26011.76
1503,25122.01
1504,25283.99
1505,25543.05
1506,26143.41
1507,25849.51
1508,25696.24
1509,25693.25
1510,25639.02
1511,26046.68
1512,25890.67
1513,25618.0
1514,25808.2
1515,26031.95
1516,26162.28
1517,26031.24
1518,26201.04
1519,25764.99
1520,26050.06
1521,26181.51
1522,26811.06
1523,25696.98
1524,26385.81
1525,26041.81
1526,26186.67
1527,26341.83
1528,26433.38
1529,26045.48
1530,25638.24
1531,26221.16
1532,25935.48
1533,26385.99
1534,26407.59
1535,26439.64
1536,26055.27
1537,26468.48
1538,26557.89
1539,26617.58
1540,26871.49
1541,25846.77
1542,26821.22
1543,26586.35
1544,26341.73
1545,26907.19
1546,26675.4
1547,25850.23
1548,26211.91
1549,25822.25
1550,26622.61
1551,26192.87
1552,26840.79
1553,26528.79
1554,26649.82
1555,26414.44
1556,26839.56
1557,26743.76
1558,27333.38
1559,26736.94
1560,26551.1
1561,26640.57
1562,26616.93
1563,27167.98
1564,26835.45
1565,27316.47
1566,26601.74
1567,26664.24
1568,27217.24
1569,27462.94
1570,26663.09
1571,26957.8
1572,27032.62
1573,26824.29
1574,27221.15
1575,26408.45
1576,27375.48
1577,27349.57
1578,27185.84
1579,27248.05
1580,27510.83
1581,26822.87
1582,27237.28
1583,27561.54
1584,27361.79
1585,27488.25
1586,28013.23
1587,27896.14
1588,27303.59
1589,26781.08
1590,26838.24
1591,27529.05
1592,27452.95
1593,27240.29
1594,27701.2
1595,27092.07
1596,27401.95
1597,27570.02
1598,27729.51
1599,27619.13
1600,27907.87
1601,27552.4
1602,27451.95
1603,27448.37
1604,27405.72
1605,27349.08
1606,27233.55
1607,27662.14
1608,27617.21
1609,28423.49
1610,26860.47
1611,28487.41
1612,28529.0
1613,27858.5
1614,28317.5
1615,27763.38
1616,27890.35
1617,27763.21
1618,28160.89
1619,27241.96
1620,27990.94
1621,28570.3
1622,28053.04
1623,27804.04
1624,28387.43
1625,28583.99
1626,27799.71
1627,28795.11
1628,28040.37
1629,28521.63
1630,28154.13
1631,28397.19
1632,28261.42
1633,28627.68
1634,28245.59
1635,28983.12
1636,28335.31
1637,28341.65
1638,28723.9
1639,28310.23
1640,27761.93
1641,28164.41
1642,28237.6
1643,29008.15
1644,28825.57
1645,28774.19
1646,29250.79
1647,28396.09
1648,28617.8
1649,28804.37
1650,28569.79
1651,28456.3
1652,28592.61
1653,28946.69
1654,28901.73
1655,28926.99
1656,28451.98
1657,28623.16
1658,28794.13
1659,28766.31
1660,29343.92
1661,29104.06
1662,28815.69
1663,29016.42
1664,29121.04
1665,29516.76
1666,28590.51
1667,29380.22
1668,29495.96
1669,28826.74
1670,28899.59
1671,29075.78
1672,29221.68
1673,29376.73
1674,29604.37
1675,29525.09
1676,29001.01
1677,28890.55
1678,29437.42
1679,29397.72
1680,29032.43
1681,29447.61
1682,29100.43
1683,29256.78
1684,29663.57
1685,29308.95
1686,29620.89
1687,29320.21
1688,29643.04
1689,29374.07
1690,29743.13
1691,29291.45
1692,28937.53
1693,29892.37
1694,29540.46
1695,29787.75
1696,30003.54
1697,29856.92
1698,30206.54
1699,30077.58
1700,29793.66
1701,28845.05
1702,30814.05
1703,30065.97
1704,30111.72
1705,30040.53
1706,30011.3
1707,30278.12
1708,30179.95
1709,30342.0
1710,29399.47
1711,29789.88
1712,30491.84
1713,29826.48
1714,30386.58
1715,29720.81
1716,29702.4
1717,30290.48
1718,29901.55
1719,29671.0
1720,30490.73
1721,30009.64
1722,30618.17
1723,30001.22
1724,30788.25
1725,30059.42
1726,29571.02
1727,30634.84
1728,29794.56
1729,30442.0
1730,30514.38
1731,30479.53
1732,30541.07
1733,30556.17
1734,30886.11
1735,30754.78
1736,30585.03
1737,30992.49
1738,29966.36
1739,30531.18
1740,30890.33
1741,30643.72
1742,30876.96
1743,30773.93
1744,30891.39
1745,31003.14
1746,30855.66
1747,30329.85
1748,31003.52
1749,30600.08
1750,30514.46
1751,30779.51
1752,30565.79
1753,31718.5
1754,30976.5
1755,30246.24
1756,30989.47
1757,30668.44
1758,30960.36
1759,30777.9
1760,31034.43
1761,31493.41
1762,30466.2
1763,30986.38
1764,31560.6
1765,31254.4
1766,30651.38
1767,31449.35
1768,31717.43
1769,31287.52
1770,31615.41
1771,31026.67
1772,31968.17
1773,31448.04
1774,31918.93
1775,31677.46
1776,31332.82
1777,31402.99
1778,31258.09
1779,31530.13
1780,31738.31
1781,31113.92
1782,31095.45
1783,31190.66
1784,30924.31
1785,31250.64
1786,31096.37
1787,31987.71
1788,31711.61
1789,32341.65
1790,32043.51
1791,30787.69
1792,32450.11
1793,31226.69
1794,31711.95
1795,31935.09
1796,32689.5
1797,32188.28
1798,32148.7
1799,31577.25
1800,31962.59
1801,32195.59
1802,31526.66
1803,31902.31
1804,32096.66
1805,31473.65
1806,32001.59
1807,31714.29
1808,32377.19
1809,31914.09
1810,31761.98
1811,32221.08
1812,32140.77
1813,32726.27
1814,32394.66
1815,32405.78
1816,32453.58
1817,32013.23
1818,32036.68
1819,32931.59
1820,32332.33
1821,32455.42
1822,32819.43
1823,32506.53
1824,32612.64
1825,32012.43
1826,32322.15
1827,32414.78
1828,32329.08
1829,32351.84
1830,32384.59
1831,32746.2
1832,32412.39
1833,33163.88
1834,32030.14
1835,32117.83
1836,33047.85
1837,32174.49
1838,32793.31
1839,33065.19
1840,33218.94
1841,33303.25
1842,32931.01
1843,32682.55
1844,32544.03
1845,32568.68
1846,32912.49
1847,33031.32
1848,33074.58
1849,32958.61
1850,32637.99
1851,33777.49
1852,32834.05
1853,33318.87
1854,33858.24
1855,33323.37
1856,32803.8
1857,33156.5
1858,33236.98
1859,33398.67
1860,33011.26
1861,32888.77
1862,33811.81
1863,33013.62
1864,33172.33
1865,33159.91
1866,33233.08
1867,33249.0
1868,32840.56
1869,32848.39
1870,33426.95
1871,33817.04
1872,33699.58
1873,33770.6
1874,33210.95
1875,33731.72
1876,33560.26
1877,33508.35
1878,33460.44
1879,33450.11
1880,33831.66
1881,33848.3
1882,34256.99
1883,33636.6
1884,33503.72
1885,33341.93
1886,34642.76
1887,34128.81
1888,34049.62
1889,33617.8
1890,33985.91
1891,33599.54
1892,33475.48
1893,33815.28
1894,33800.37
1895,34700.0
1896,34140.9
1897,34524.65
1898,33923.38
1899,34069.12
1900,34400.31
1901,35312.21
1902,34361.03
1903,34152.87
1904,33833.09
1905,34155.48
1906,34643.61
1907,34211.76
1908,34572.22
1909,34388.37
1910,34575.59
1911,34188.54
1912,34431.14
1913,34456.07
1914,34194.08
1915,34340.47
1916,33808.6
1917,34790.75
1918,34762.91
1919,34880.76
1920,34357.61
1921,34440.29
1922,35272.85
1923,34123.55
1924,34711.45
1925,34656.02
1926,34741.99
1927,35104.42
1928,34213.67
1929,34965.88
1930,35306.13
1931,34546.58
1932,35173.26
1933,34369.04
1934,35087.97
1935,34347.86
1936,35160.04
1937,34317.34
1938,34948.62
1939,34668.76
1940,34969.76
1941,35381.25
1942,34711.33
1943,35167.29
1944,34794.19
1945,34987.65
1946,34762.8
1947,35371.5
1948,35546.5
1949,34849.92
1950,35458.12
1951,35305.86
1952,34733.25
1953,36217.43
1954,34732.95
1955,35494.87
1956,35570.99
1957,35878.16
1958,35478.91
1959,34997.07
1960,34837.06
1961,35311.93
1962,34776.14
1963,35857.99
1964,35507.59
1965,35649.69
1966,36680.53
1967,35094.34
1968,35194.62
1969,35952.88
1970,35732.61
1971,35299.76
1972,35804.84
1973,35782.11
1974,36313.41
1975,35869.37
1976,35673.5
1977,36394.62
1978,35536.07
1979,35656.85
1980,35714.13
1981,35484.15
1982,35994.49
1983,35707.93
1984,36076.57
1985,36656.94
1986,36645.15
1987,36070.96
1988,35570.77
1989,36073.59
1990,36319.53
1991,36600.43
1992,35868.07
1993,36241.34
1994,36236.1
1995,36580.14
1996,36150.08
1997,36659.59
1998,37488.92
1999,36552.98
2000,36691.41
2001,36376.31
2002,36747.99
2003,36353.0
2004,36376.7
2005,35855.33
2006,36615.98
2007,37163.22
2008,36824.13
2009,36878.14
2010,36458.67
2011,37250.02
2012,36709.49
2013,36243.13
2014,36870.41
2015,36360.54
2016,36733.67
2017,37738.13
2018,36114.41
2019,37846.58
2020,36971.59
2021,36390.29
2022,36695.66
2023,36518.49
2024,36263.81
2025,36552.01
2026,36407.33
2027,35645.67
2028,36955.33
2029,37844.9
2030,36911.86
2031,37248.03
2032,37330.13
2033,36382.98
2034,36176.13
2035,37176.55
2036,36509.92
2037,38366.83
2038,37202.71
2039,36769.77
2040,36304.45
2041,36524.36
2042,37311.61
2043,37206.73
2044,36912.88
2045,37616.06
2046,37430.48
2047,37099.46
2048,37418.66
2049,37581.79
2050,37448.41
2051,36769.59
2052,37022.65
2053,37845.03
2054,37945.17
2055,37906.93
2056,37841.38
2057,37685.3
2058,37520.36
2059,37734.91
2060,37820.6
2061,37893.94
2062,37237.81
2063,38415.73
2064,37963.59
2065,38762.29
2066,37237.8
2067,37641.51
2068,37564.4
2069,37783.03
2070,37698.94
2071,37725.59
2072,38505.06
2073,38191.39
2074,37482.52
2075,37931.35
2076,37289.31
2077,38111.09
2078,38538.22
2079,38942.53
2080,38029.58
2081,37984.59
2082,39159.11
2083,38173.56
2084,37922.69
2085,38311.68
2086,38964.52
2087,37151.74
2088,38310.47
2089,38982.49
2090,38757.9
2091,37491.26
2092,37864.63
2093,38343.98
2094,38637.18
2095,38676.68
2096,38230.99
2097,38171.24
2098,39160.78
2099,38320.95
2100,38548.47
2101,38575.77
2102,38391.37
2103,38282.54
2104,38996.34
2105,38593.83
2106,39042.57
2107,38764.87
2108,38629.26
2109,38338.64
2110,38659.33
2111,39174.27
2112,38215.84
2113,39629.52
2114,38202.96
2115,38902.35
2116,39032.87
2117,39160.41
2118,39019.94
2119,39012.03
2120,37937.28
2121,38949.48
2122,39134.11
2123,39465.17
2124,38305.38
2125,38821.24
2126,38320.96
2127,39074.34
2128,38980.93
2129,38932.83
2130,38434.74
2131,39148.38
2132,39014.0
2133,39926.07
2134,38857.78
2135,39430.78
2136,38962.81
2137,39576.58
2138,39671.53
2139,38971.04
2140,39346.25
2141,39237.6
2142,38950.55
2143,39522.78
2144,39701.24
2145,39439.65
2146,40491.24
2147,39685.96
2148,38692.05
2149,39608.9
2150,39710.39
2151,40321.06
2152,39797.23
2153,39366.56
2154,39959.52
2155,39564.52
2156,39198.95
2157,40138.39
2158,39960.83
2159,40584.91
2160,39403.3
2161,39940.61
2162,39694.91
2163,40244.69
2164,39125.25
2165,40060.17
2166,40370.34
2167,41025.91
2168,39585.05
2169,39800.94
2170,39185.52
2171,40252.05
2172,40088.12
2173,40544.66
2174,40832.54
2175,39406.54
2176,41255.58
2177,40267.28
2178,40109.06
2179,40062.44
2180,39898.9
2181,40451.84
2182,40575.61
2183,40303.48
2184,40221.71
2185,40428.07
2186,40817.09
2187,40341.24
2188,40658.69
2189,41257.38
2190,39984.04
2191,40368.07
2192,40477.58
2193,40457.9
2194,41338.81
2195,40279.19
2196,40305.53
2197,40333.66
2198,40589.51
2199,40194.89
2200,41330.24
2201,41483.84
2202,41478.66
2203,41232.03
2204,40590.94
2205,40880.89
2206,40571.99
2207,39915.72
2208,40933.43
2209,41735.47
2210,40443.8
2211,39844.47
2212,40380.72
2213,41660.93
2214,41185.42
2215,41670.65
2216,40460.94
2217,40982.9
2218,40564.29
2219,41440.95
2220,41311.35
2221,39974.76
2222,41277.9
2223,41188.01
2224,40979.87
2225,41214.7
2226,41611.11
2227,41522.59
2228,41028.64
2229,41283.41
2230,41654.63
2231,41049.82
2232,41993.15
2233,41215.87
2234,41024.16
2235,41763.57
2236,41607.66
2237,42152.22
2238,42090.94
2239,41560.7
2240,41820.26
2241,41537.23
2242,41226.9
2243,41330.27
2244,41309.22
2245,42034.27
2246,42479.18
2247,41987.97
2248,41412.78
2249,41034.29
2250,42004.83
2251,42109.09
2252,41851.72
2253,42103.65
2254,41353.02
2255,42837.17
2256,41483.04
2257,41640.32
2258,41771.04
2259,42339.4
2260,41451.0
2261,41205.98
2262,41747.74
2263,42336.32
2264,41580.82
2265,42602.42
2266,40741.8
2267,42156.88
2268,42590.97
2269,41683.06
2270,42428.67
2271,42584.74
2272,42049.3
2273,42532.81
2274,42247.99
2275,43255.42
2276,42861.35
2277,41809.13
2278,42535.53
2279,43480.51
2280,43699.17
2281,42565.95
2282,43996.77
2283,41094.61
2284,42228.8
2285,43455.56
2286,43769.58
2287,42830.14
2288,42921.02
2289,42943.17
2290,42500.45
2291,42127.9
2292,42702.88
2293,42472.58
2294,42061.65
2295,42880.72
2296,42481.95
2297,42272.69
2298,43202.67
2299,42881.41
2300,43428.54
2301,43711.94
2302,42627.58
2303,43735.5
2304,43504.41
2305,43110.48
2306,43282.66
2307,43506.56
2308,43048.9
2309,42418.11
2310,43154.27
2311,43190.45
2312,43326.51
2313,44132.01
2314,43600.44
2315,43758.83
2316,43844.53
2317,43001.58
2318,43718.57
2319,42936.14
2320,42888.61
2321,43455.87
2322,43760.21
2323,43173.89
2324,44289.39
2325,44551.61
2326,43590.18
2327,43836.11
2328,44892.4
2329,43151.85
2330,43480.16
2331,44488.88
2332,44165.54
2333,43722.37
2334,44102.46
2335,44548.14
2336,43683.79
2337,43833.05
2338,43571.54
2339,43921.56
2340,43445.68
2341,43797.92
2342,43785.0
2343,44499.88
2344,44392.87
2345,44345.49
2346,43974.82
2347,43573.29
2348,44843.93
2349,44362.78
2350,44267.26
2351,43882.31
2352,43850.12
2353,44439.9
2354,43680.68
2355,44334.26
2356,44259.55
2357,44673.12
2358,44754.97
2359,43514.97
2360,45360.52
2361,43803.2
2362,44728.43
2363,44315.6
2364,44883.12
2365,44594.13
2366,44071.97
2367,44247.57
2368,44851.17
2369,43879.1
2370,43754.35
2371,44374.55
2372,44703.9
2373,45054.24
2374,45524.32
2375,45504.15
2376,44553.65
2377,44094.08
2378,44498.69
2379,44177.11
2380,44574.87
2381,44630.28
2382,45572.69
2383,45653.8
2384,45410.72
2385,44903.61
2386,44727.06
2387,44978.18
2388,44067.14
2389,45186.08
2390,44636.65
2391,45205.42
2392,44759.85
2393,45306.56
2394,45532.07
2395,44804.92
2396,45747.89
2397,44762.34
2398,44712.23
2399,45034.9
2400,45560.26
2401,45548.24
2402,44605.37
2403,45148.85
2404,45514.12
2405,44961.26
2406,45149.11
2407,45095.64
2408,45253.19
2409,46243.17
2410,45441.57
2411,44956.19
2412,44832.62
2413,46173.81
2414,45936.36
2415,44978.3
2416,45887.44
2417,46595.67
2418,45767.74
2419,44874.42
2420,45483.7
2421,46176.45
2422,45958.16
2423,45535.35
2424,46056.06
2425,46178.46
2426,46461.46
2427,44793.69
2428,46240.02
2429,46481.54
2430,45186.12
2431,45601.88
2432,46255.66
2433,45684.15
2434,45606.7
2435,45540.9
2436,45475.48
2437,45238.3
2438,45965.23
2439,46104.24
2440,45565.95
2441,47012.7
2442,46100.88
2443,46450.29
2444,46070.14
2445,46558.75
2446,46366.82
2447,46187.18
2448,47076.24
2449,46268.68
2450,45864.24
2451,46497.46
2452,46874.86
2453,45295.37
2454,46551.42
2455,46610.72
2456,46766.89
2457,46676.14
2458,45896.44
2459,45772.29
2460,46121.13
2461,47017.33
2462,46879.19
2463,46920.51
2464,46699.98
2465,46274.36
2466,46738.23
2467,47357.24
2468,46256.19
2469,47046.09
2470,47168.57
2471,47867.13
2472,47522.45
2473,46779.01
2474,46808.64
2475,48072.74
2476,47289.97
2477,46310.57
2478,47293.65
2479,47619.16
2480,47049.38
2481,46461.58
2482,47223.88
2483,47598.27
2484,46837.96
2485,47152.02
2486,46806.83
2487,46623.09
2488,48519.12
2489,46413.11
2490,47556.27
2491,47376.88
2492,47416.06
2493,47642.86
2494,47556.86
2495,47923.67
2496,46813.79
2497,47360.29
2498,47693.39
2499,47581.83
2500,47817.82
2501,47898.74
2502,47631.04
2503,47336.43
2504,47949.73
2505,48207.26
2506,48929.9
2507,48564.02
2508,48383.09
2509,47680.06
2510,48347.31
2511,48150.46
2512,47700.89
2513,47884.11
2514,47637.89
2515,47990.62
2516,48005.91
2517,47878.01
2518,48348.19
2519,47963.73
2520,48473.96
2521,47717.77
2522,48104.71
2523,48862.35
2524,48802.47
2525,48102.08
2526,48443.95
2527,49275.71
2528,48061.87
2529,47610.26
2530,48615.67
2531,48405.27
2532,47158.42
2533,49080.82
2534,48244.39
2535,48628.11
2536,48760.25
2537,49120.81
2538,48160.18
2539,49203.22
2540,49055.95
2541,48947.62
2542,49139.63
2543,50249.04
2544,48751.39
2545,49164.21
2546,49442.91
2547,49058.27
2548,47807.32
2549,48244.96
2550,48313.94
2551,48753.34
2552,48891.95
2553,48455.34
2554,48098.77
2555,48598.91
2556,48748.24
2557,49455.01
2558,48888.84
2559,48729.61
2560,49286.32
2561,48509.38
2562,48550.97
2563,49195.55
2564,49304.7
2565,48693.19
2566,50125.48
2567,48816.12
2568,48926.71
2569,49747.06
2570,48375.96
2571,48735.73
2572,48605.32
2573,49105.67
2574,48759.6
2575,48946.29
2576,49128.47
2577,49394.59
2578,48928.67
2579,49233.97
2580,48645.92
2581,49810.7
2582,49651.35
2583,49491.91
2584,50228.93
2585,49192.57
2586,49786.1
2587,48807.8
2588,50480.17
2589,49860.01
2590,48714.48
2591,49520.59
2592,48842.67
2593,49221.65
2594,50883.52
2595,50763.81
2596,49762.88
2597,49860.32
2598,49237.41
2599,49806.95
2600,50086.99
2601,49742.87
2602,49707.59
2603,50256.09
2604,49133.96
2605,49538.73
2606,51163.52
2607,50873.33
2608,50749.87
2609,50861.7
2610,50634.3
2611,49864.56
2612,50520.03
2613,50099.14
2614,50057.46
2615,49971.92
2616,50319.88
2617,50679.61
2618,50849.8
2619,51012.71
2620,50151.25
2621,49975.24
2622,50211.47
2623,49497.79
2624,50433.58
2625,50388.29
2626,50682.25
2627,51106.03
2628,50586.41
2629,49578.36
2630,50740.08
2631,50524.8
2632,49794.81
2633,49796.01
2634,51107.51
2635,51567.95
2636,50239.15
2637,49438.39
2638,51134.01
2639,51900.8
2640,52576.71
2641,51108.12
2642,50458.83
2643,50259.7
2644,51148.32
2645,51560.5
2646,50909.77
2647,51067.23
2648,51567.39
2649,49752.18
2650,50990.98
2651,52221.81
2652,50337.46
2653,52047.81
2654,52177.68
2655,51032.14
2656,50843.8
2657,51800.63
2658,51374.66
2659,52789.65
2660,51840.51
2661,51475.84
2662,51471.57
2663,51090.29
2664,52875.03
2665,51136.3
2666,51625.85
2667,51885.42
2668,51203.17
2669,52190.4
2670,52588.98
2671,49994.64
2672,50867.91
2673,53036.39
2674,51794.77
2675,52056.74
2676,51942.44
2677,51640.86
2678,52092.65
2679,52461.53
2680,52092.41
2681,51815.32
2682,51784.78
2683,51606.59
2684,52198.3
2685,52599.95
2686,52908.64
2687,51463.51
2688,52042.44
2689,52791.11
2690,52264.04
2691,50981.7
2692,51766.15
2693,51798.33
2694,52200.75
2695,51582.05
2696,53019.84
2697,52598.59
2698,51568.39
2699,52754.12
2700,52313.4
2701,53279.03
2702,52976.65
2703,53242.73
2704,53715.46
2705,51626.93
2706,51853.69
2707,52698.01
2708,51677.6
2709,52145.5
2710,52558.98
2711,52757.39
2712,53183.08
2713,52706.76
2714,52423.34
2715,52366.42
2716,52531.26
2717,52180.19
2718,52963.26
2719,52021.23
2720,52588.97
2721,53120.68
2722,52521.62
2723,51642.36
2724,52142.9
2725,52770.64
2726,50842.13
2727,52369.85
2728,52922.14
2729,54342.27
2730,53488.03
2731,53329.41
2732,52437.11
2733,53110.57
2734,53671.32
2735,53540.58
2736,52825.04
2737,53749.41
2738,54363.76
2739,54252.08
2740,52765.52
2741,53692.14
2742,51855.19
2743,53858.29
2744,52932.94
2745,53261.85
2746,53074.97
2747,52725.84
2748,53434.68
2749,54895.99
2750,53125.57
2751,53661.61
2752,53338.85
2753,53676.09
2754,54741.25
2755,53772.27
2756,54012.02
2757,53557.58
2758,52918.78
2759,53664.55
2760,53867.25
2761,53747.86
2762,54453.01
2763,53478.16
2764,53958.58
2765,53631.37
2766,53184.82
2767,54156.15
2768,54025.07
2769,53886.88
2770,53135.93
2771,53570.26
2772,54194.47
2773,53792.21
2774,54084.81
2775,53683.62
2776,54835.59
2777,52998.43
2778,54313.79
2779,53794.06
2780,54629.95
2781,54117.31
2782,54558.98
2783,54655.71
2784,54355.07
2785,53952.08
2786,53708.77
2787,53687.9
2788,54757.6
2789,53917.81
2790,53649.58
2791,52925.42
2792,54106.96
2793,55644.03
2794,54161.61
2795,55205.67
2796,54152.7
2797,55077.68
2798,55528.86
2799,55134.95
2800,55022.5
2801,53942.04
2802,53658.26
2803,54314.69
2804,54640.21
2805,54554.77
2806,53913.94
2807,54852.43
2808,55554.31
2809,55055.9
2810,54584.0
2811,54305.29
2812,54096.5
2813,54761.0
2814,54237.21
2815,55275.59
2816,55083.82
2817,55613.0
2818,55016.31
2819,55417.46
2820,54510.84
2821,55335.01
2822,55131.0
2823,56526.13
2824,54631.35
2825,55036.74
2826,55264.19
2827,55122.68
2828,55743.47
2829,55763.16
2830,55604.26
2831,55107.68
2832,54840.72
2833,55670.94
2834,55873.93
2835,55805.56
2836,55498.91
2837,56016.93
2838,55023.08
2839,55326.38
2840,55031.68
2841,56392.04
2842,54393.69
2843,56173.46
2844,55956.94
2845,55510.19
2846,55356.75
2847,56097.34
2848,56451.29
2849,55985.48
2850,56111.85
2851,54608.23
2852,56247.8
2853,56297.73
2854,55198.66
2855,56657.32
2856,56106.93
2857,54882.55
2858,56518.69
2859,56190.93
2860,56152.61
2861,56006.55
2862,55386.78
2863,55684.12
2864,56725.33
2865,57305.44
2866,55310.77
2867,55690.04
2868,55602.0
2869,55731.64
2870,55998.74
2871,56407.68
2872,55986.69
2873,56184.39
2874,55952.32
2875,56790.69
2876,55934.35
2877,56259.47
2878,56569.2
2879,56236.51
2880,56646.43
2881,56323.3
2882,56254.04
2883,57100.2
2884,57448.15
2885,57052.3
2886,56488.9
2887,57134.52
2888,57013.23
2889,57301.57
2890,56194.39
2891,56898.98
2892,55954.73
2893,57484.7
2894,56554.16
2895,56606.43
2896,56599.97
2897,56863.34
2898,57102.76
2899,55886.58
2900,56006.13
2901,56570.28
2902,56444.22
2903,56125.24
2904,57828.86
2905,57618.36
2906,57059.12
2907,58003.07
2908,57386.33
2909,57043.17
2910,57745.61
2911,57477.9
2912,56716.42
2913,56241.43
2914,56741.39
2915,57663.49
2916,57312.64
2917,56845.8
2918,58118.12
2919,58006.26
2920,57717.49
2921,58093.49
2922,57909.22
2923,57871.38
2924,57744.63
2925,57684.69
2926,58235.03
2927,56754.29
2928,57310.24
2929,57624.05
2930,57203.9
2931,57226.26
2932,58542.07
2933,58065.86
2934,56679.15
2935,57464.99
2936,57543.26
2937,57436.43
2938,57568.87
2939,57652.71
2940,58747.61
2941,57977.7
2942,57556.46
2943,57534.07
2944,58653.26
2945,57277.51
2946,58053.19
2947,57793.49
2948,57916.68
2949,58563.41
2950,58477.37
2951,57893.45
2952,58807.91
2953,57472.6
2954,57933.24
2955,59023.67
2956,59053.57
2957,58634.13
2958,57667.44
2959,57675.68
2960,59144.62
2961,59232.15
2962,58604.93
2963,58068.77
2964,58473.42
2965,59454.68
2966,59498.45
2967,58201.43
2968,57693.42
2969,59146.11
2970,58688.19
2971,58542.11
2972,58533.38
2973,58177.64
2974,59438.13
2975,57958.62
2976,58641.21
2977,58512.3
2978,58478.02
2979,58179.42
2980,58749.15
2981,58470.39
2982,59657.5
2983,59201.18
2984,59388.95
2985,59644.08
2986,58720.45
2987,60319.58
2988,59094.76
2989,59495.59
2990,59355.43
2991,60432.5
2992,58385.1
2993,58787.35
2994,58881.22
2995,59397.88
2996,58146.86
2997,59191.9
2998,59147.61
2999,59614.4
3000,59024.36
3001,58450.36
3002,59935.91
3003,59506.23
3004,60301.42
3005,59709.54
3006,59332.92
3007,59324.13
3008,59894.51
3009,59242.69
3010,59440.2
3011,58782.44
3012,60754.95
3013,59709.46
3014,59681.68
3015,59969.27
3016,60129.29
3017,60805.87
3018,60135.82
3019,60815.47
3020,59696.97
3021,60400.83
3022,60126.34
3023,60515.87
3024,60598.99
3025,59557.13
3026,59923.93
3027,60222.58
3028,60536.64
3029,60553.79
3030,59318.16
3031,60780.34
3032,61293.63
3033,59437.98
3034,59905.62
3035,60716.69
3036,60951.41
3037,60141.66
3038,61171.34
3039,60851.04
3040,61075.77
3041,59676.52
3042,60755.07
3043,61253.05
3044,60269.07
3045,61062.55
3046,60573.14
3047,59755.98
3048,61271.35
3049,60787.82
3050,60744.25
3051,60865.13
3052,60739.55
3053,60630.44
3054,60897.49
3055,61162.8
3056,59767.21
3057,58915.67
3058,61261.24
3059,60279.43
3060,58746.55
3061,60639.17
3062,61639.45
3063,60359.0
3064,61568.38
3065,61190.77
3066,61649.44
3067,60785.57
3068,61408.84
3069,61964.54
3070,61183.4
3071,60920.1
3072,60448.14
3073,60718.08
3074,62008.92
3075,60911.52
3076,59786.79
3077,62375.52
3078,61538.79
3079,61851.08
3080,60407.5
3081,61263.19
3082,61424.59
3083,62166.05
3084,59849.11
3085,61862.19
3086,62320.49
3087,61832.03
3088,61917.42
3089,62263.06
3090,62244.0
3091,61808.99
3092,62545.74
3093,61236.41
3094,60697.55
3095,61176.71
3096,61239.5
3097,62103.33
3098,62670.14
3099,61593.86
3100,61458.06
3101,61615.58
3102,61371.43
3103,61900.37
3104,61924.03
3105,60600.98
3106,62076.57
3107,62211.49
3108,61759.72
3109,62062.7
3110,62625.82
3111,62999.63
3112,62365.91
3113,62004.28
3114,62805.96
3115,61462.9
3116,62399.61
3117,61109.48
3118,62706.64
3119,63192.83
3120,63471.74
3121,62074.62
3122,62827.28
3123,61470.12
3124,62800.47
3125,63630.06
3126,61746.49
3127,61784.99
3128,62891.55
3129,62597.51
3130,62755.15
3131,61581.02
3132,62059.64
3133,61357.74
3134,61322.84
3135,62213.69
3136,62990.65
3137,62967.75
3138,62673.25
3139,61532.21
3140,62925.53
3141,62128.16
3142,62918.94
3143,62432.76
3144,63053.1
3145,63234.96
3146,63430.78
3147,63380.26
3148,62525.91
3149,63059.32
3150,62011.42
3151,63961.25
3152,62595.75
3153,62870.18
3154,61520.85
3155,61664.6
3156,64588.88
3157,64164.75
3158,64546.38
3159,63032.72
3160,62091.26
3161,63975.66
3162,62330.18
3163,65456.78
3164,62945.07
3165,63976.23
3166,64103.41
3167,63812.05
3168,64198.68
3169,62949.5
3170,63069.95
3171,62849.96
3172,63318.71
3173,62967.17
3174,62954.17
3175,64195.29
3176,63551.6
3177,61950.02
3178,62929.01
3179,64484.69
3180,63175.97
3181,63987.31
3182,64132.49
3183,63355.95
3184,63636.82
3185,63687.21
3186,64334.03
3187,64009.93
3188,63751.68
3189,63931.23
3190,63868.47
3191,63883.16
3192,62508.75
3193,64108.18
3194,64978.91
3195,63474.86
3196,64081.93
3197,63211.24
3198,64282.21
3199,64220.64
3200,64187.68
3201,63518.89
3202,63477.68
3203,64443.17
3204,65547.66
3205,63476.45
3206,65014.44
3207,64739.07
3208,63594.13
3209,65393.93
3210,64138.8
3211,64729.85
3212,64799.42
3213,64118.94
3214,63271.44
3215,63315.71
3216,64192.51
3217,64467.17
3218,65585.27
3219,64950.38
3220,64667.77
3221,65038.38
3222,64748.0
3223,66805.94
3224,64393.4
3225,63725.57
3226,65006.11
3227,65257.44
3228,65373.38
3229,63345.41
3230,65279.15
3231,65544.04
3232,65423.01
3233,64958.75
3234,64849.74
3235,64454.56
3236,64233.08
3237,65542.19
3238,64785.07
3239,65203.43
3240,66457.37
3241,65364.72
3242,65217.6
3243,64433.08
3244,63618.71
3245,65681.07
3246,62577.85
3247,65868.61
3248,64865.26
3249,66071.95
3250,65307.89
3251,64062.34
3252,64807.48
3253,65157.89
3254,64922.09
3255,67249.06
3256,64659.45
3257,65319.63
3258,64622.64
3259,64480.9
3260,65389.19
3261,66230.79
3262,65102.54
3263,65744.48
3264,65851.67
3265,65699.85
3266,65841.4
3267,67172.7
3268,67155.21
3269,65837.07
3270,64728.61
3271,65279.22
3272,65173.97
3273,65491.3
3274,66869.85
3275,64928.73
3276,65087.71
3277,66835.17
3278,67030.33
3279,65966.82
3280,66109.79
3281,66198.83
3282,66248.75
3283,66252.27
3284,66749.79
3285,66163.51
3286,65495.73
3287,65723.35
3288,65836.27
3289,65598.61
3290,65965.6
3291,65946.6
3292,66998.82
3293,66815.25
3294,66151.82
3295,65158.78
3296,66687.12
3297,66386.32
3298,66968.86
3299,65539.01
3300,65672.89
3301,67093.51
3302,65850.72
3303,66453.91
3304,65977.43
3305,66962.5
3306,66535.24
3307,64903.23
3308,66869.76
3309,67658.49
3310,66617.73
3311,65563.44
3312,68070.59
3313,66656.56
3314,67332.86
3315,68109.47
3316,66635.97
3317,68249.98
3318,66630.67
3319,67601.56
3320,66688.13
3321,66363.31
3322,66815.37
3323,67164.09
3324,66346.57
3325,67865.08
3326,68192.14
3327,67491.22
3328,67477.97
3329,67484.12
3330,66326.25
3331,68278.24
3332,69005.58
3333,67490.37
3334,67706.47
3335,67044.46
3336,67599.23
3337,67401.34
3338,68725.71
3339,67344.73
3340,68851.92
3341,67343.3
3342,67374.33
3343,67387.02
3344,66999.79
3345,67041.34
3346,68885.04
3347,67837.83
3348,67452.08
3349,67531.73
3350,66984.5
3351,66767.25
3352,67584.14
3353,67232.43
3354,68238.84
3355,67590.92
3356,68178.24
3357,67000.95
3358,70318.02
3359,68697.22
3360,67626.6
3361,67260.07
3362,67188.7
3363,68378.14
3364,68687.48
3365,68720.51
3366,68439.65
3367,68259.03
3368,69269.64
3369,68735.1
3370,67942.85
3371,68684.59
3372,67791.21
3373,68696.0
3374,68684.19
3375,68560.72
3376,68649.52
3377,69726.71
3378,69033.04
3379,66504.94
3380,68310.11
3381,68181.3
3382,69536.93
3383,67699.36
3384,69739.92
3385,68742.61
3386,67496.62
3387,69394.21
3388,67351.44
3389,70758.28
3390,69455.75
3391,69720.17
3392,69956.9
3393,67888.38
3394,67702.82
3395,69408.3
3396,67817.89
3397,68726.08
3398,69339.79
3399,69205.5
3400,68403.07
3401,68489.37
3402,69871.02
3403,70038.14
3404,68669.87
3405,69521.83
3406,69965.38
3407,69419.41
3408,70894.31
3409,69323.88
3410,69786.1
3411,69391.48
3412,69164.32
3413,70024.41
3414,69792.12
3415,70164.44
3416,70486.66
3417,70132.8
3418,70396.45
3419,68138.84
3420,69627.55
3421,68907.93
3422,70487.06
3423,68961.13
3424,71379.88
3425,69419.83
3426,68853.9
3427,70496.7
3428,69509.28
3429,69793.63
3430,69919.84
3431,70064.97
3432,68716.08
3433,70065.48
3434,70074.77
3435,70512.4
3436,70817.1
3437,71404.94
3438,70375.02
3439,70484.25
3440,70715.74
3441,70064.73
3442,71767.7
3443,69936.41
3444,69355.02
3445,70226.32
3446,70787.75
3447,70374.83
3448,70665.4
3449,71395.06
3450,70198.09
3451,69200.08
3452,69544.54
3453,68862.08
3454,71108.92
3455,69274.01
3456,70362.51
3457,69410.62
3458,70630.47
3459,70288.36
3460,69636.74
3461,71114.91
3462,69614.34
3463,70118.69
3464,70430.65
3465,72358.12
3466,71633.9
3467,70207.01
3468,70620.27
3469,71549.95
3470,71574.36
3471,69381.78
3472,70122.78
3473,69762.61
3474,70122.48
3475,70755.56
3476,70021.83
3477,71459.21
3478,70445.98
3479,70888.52
3480,71726.71
3481,72041.85
3482,70829.25
3483,71790.45
3484,70969.67
3485,70923.95
3486,70803.08
3487,70925.51
3488,73369.74
3489,69643.97
3490,71901.95
3491,70726.46
3492,72145.84
3493,71677.79
3494,72299.88
3495,71088.56
3496,70882.36
3497,71984.64
3498,71388.55
3499,71093.13
3500,70103.06
3501,71741.25
3502,72149.32
3503,70601.5
3504,70685.22
3505,71756.95
3506,70720.02
3507,71037.84
3508,70591.84
3509,70178.19
3510,71796.84
3511,72995.39
3512,72839.45
3513,72815.6
3514,71518.14
3515,72837.54
3516,71308.9
3517,71541.39
3518,72144.62
3519,70357.98
3520,73003.81
3521,72429.92
3522,72450.2
3523,71755.8
3524,72296.18
3525,72502.98
3526,71816.49
3527,71609.62
3528,73463.22
3529,72183.32
3530,72832.16
3531,71665.21
3532,73937.71
3533,71899.71
3534,73227.44
3535,71633.61
3536,73021.42
3537,73042.34
3538,73453.71
3539,73530.13
3540,72271.99
3541,72790.26
3542,72856.71
3543,71848.14
3544,72816.87
3545,72092.23
3546,73707.79
3547,71563.65
3548,73914.66
3549,71439.0
3550,73213.47
3551,72771.46
3552,72780.97
3553,72490.33
3554,75552.62
3555,71956.26
3556,73849.55
3557,73477.32
3558,73278.94
3559,71402.44
3560,74032.73
3561,71649.09
3562,72377.6
3563,72062.35
3564,73026.89
3565,73190.31
3566,72671.14
3567,71999.85
3568,72985.69
3569,73803.11
3570,73592.85
3571,71736.43
3572,72087.13
3573,73935.78
3574,73406.63
3575,73986.32
3576,73029.05
3577,74599.35
3578,73785.52
3579,73157.48
3580,73341.37
3581,74047.71
3582,74624.66
3583,72719.76
3584,73313.96
3585,73812.32
3586,74695.84
3587,75477.56
3588,74304.2
3589,73394.3
3590,74072.76
3591,73405.04
3592,73482.33
3593,72588.59
3594,73857.2
3595,73420.51
3596,72702.18
3597,73761.43
3598,72093.37
3599,74324.0
3600,74498.45
3601,74547.41
3602,72585.0
3603,74242.49
3604,73317.15
3605,74671.82
3606,74363.87
3607,75153.18
3608,74058.55
3609,72753.08
3610,74872.55
3611,74840.63
3612,75861.13
3613,72577.32
3614,74685.86
3615,74099.5
3616,74564.19
3617,74310.27
3618,75069.34
3619,74692.74
3620,74694.26
3621,73780.25
3622,75108.61
3623,75010.01
3624,76112.8
3625,74264.59
3626,73323.25
3627,73292.91
3628,73554.99
3629,75411.25
3630,74862.02
3631,76369.18
3632,75428.95
3633,73305.55
3634,74186.81
3635,77139.95
3636,73859.22
3637,74486.02
3638,73150.4
3639,75504.14
3640,74751.53
3641,73693.93
3642,76272.62
3643,75304.34
3644,73162.48
3645,75694.12
3646,75716.11
3647,73890.64
3648,76036.68
3649,75357.58
3650,73848.68
3651,76996.43
3652,77442.17
3653,75817.07
3654,74281.49
3655,74510.85
3656,73897.06
3657,75170.5
3658,74974.16
3659,75281.21
3660,76386.46
3661,75595.52
3662,75426.17
3663,75179.21
3664,74238.41
3665,75090.7
3666,76080.48
3667,75035.89
3668,75731.32
3669,75136.5
3670,76441.21
3671,76175.82
3672,76065.61
3673,73971.33
3674,75763.12
3675,75925.36
3676,75605.57
3677,76934.2
3678,76455.39
3679,75189.93
3680,76365.28
3681,77001.08
3682,74834.68
3683,76598.43
3684,77317.06
3685,77316.92
3686,77294.68
3687,74842.65
3688,75409.28
3689,77109.3
3690,75392.1
3691,75760.68
3692,77119.82
3693,76406.62
3694,74659.83
3695,75864.42
3696,77304.34
3697,76559.15
3698,76986.1
3699,77097.99
3700,75687.87
3701,75059.1
3702,75697.77
3703,75752.26
3704,76460.17
3705,75650.83
3706,76511.2
3707,77170.52
3708,78088.07
3709,78066.82
3710,75989.49
3711,75721.48
3712,75811.61
3713,77342.15
3714,76373.72
3715,77587.48
3716,78479.61
3717,77840.03
3718,77275.34
3719,76169.0
3720,76714.91
3721,77522.14
3722,77487.55
3723,77591.47
3724,76184.33
3725,76426.9
3726,76668.97
3727,78202.03
3728,78332.26
3729,77239.24
3730,76384.34
3731,77371.23
3732,78071.73
3733,77096.0
3734,76861.45
3735,75499.51
3736,77060.29
3737,76870.02
3738,77750.84
3739,77999.34
3740,75947.15
3741,79149.45
3742,76372.01
3743,76654.96
3744,77158.97
3745,76522.32
3746,78086.74
3747,78147.14
3748,77303.3
3749,77693.78
3750,78244.27
3751,78580.66
3752,78953.45
3753,77462.42
3754,77355.4
3755,77878.96
3756,76364.67
3757,77776.88
3758,77600.9
3759,78423.22
3760,79573.36
3761,78976.05
3762,78591.56
3763,77961.56
3764,77739.58
3765,77817.02
3766,78602.95
3767,78130.27
3768,78209.43
3769,77866.38
3770,77673.99
3771,77184.24
3772,77729.7
3773,78028.35
3774,79183.72
3775,79103.36
3776,77236.44
3777,76786.87
3778,79902.96
3779,77799.32
3780,77064.42
3781,78590.17
3782,78853.47
3783,77167.21
3784,77250.86
3785,77040.12
3786,78429.23
3787,77083.74
3788,77947.19
3789,78082.73
3790,78153.62
3791,79148.44
3792,78952.47
3793,78443.2
3794,79183.52
3795,80233.83
3796,77409.56
3797,79234.06
3798,79612.6
3799,77825.93
3800,79735.24
3801,78120.14
3802,78432.7
3803,79222.38
3804,78090.4
3805,77983.13
3806,78295.04
3807,79857.2
3808,80120.86
3809,79721.21
3810,79771.54
3811,80273.25
3812,78476.13
3813,78956.46
3814,77830.74
3815,78961.29
3816,79629.43
3817,80723.19
3818,78485.89
3819,77587.09
3820,80418.87
3821,79963.79
3822,79625.82
3823,80065.61
3824,80362.81
3825,78658.37
3826,78605.18
3827,79527.77
3828,78587.04
3829,79104.5
3830,79248.27
3831,79781.67
3832,79232.49
3833,81549.44
3834,80776.14
3835,80177.6
3836,80693.09
3837,79508.14
3838,79721.78
3839,81079.64
3840,79023.83
3841,79584.9
3842,80092.94
3843,79566.49
3844,79898.63
3845,79514.2
3846,79265.2
3847,80323.74
3848,80343.45
3849,79689.65
3850,80468.74
3851,80838.82
3852,80133.1
3853,80952.01
3854,80135.94
3855,79833.16
3856,82821.11
3857,81700.61
3858,80702.93
3859,81446.92
3860,79727.0
3861,78187.17
3862,80201.81
3863,79972.6
3864,81712.52
3865,81727.82
3866,82209.77
3867,80595.4
3868,81755.31
3869,80522.91
3870,81057.46
3871,80644.13
3872,79587.43
3873,81187.04
3874,80539.5
3875,80647.36
3876,81633.59
3877,80874.68
3878,81100.42
3879,82019.47
3880,80867.31
3881,80541.75
3882,81973.38
3883,81301.06
3884,81659.89
3885,81040.9
3886,80832.96
3887,80921.97
3888,80806.9
3889,80889.57
3890,82226.43
3891,83477.16
3892,81050.94
3893,80877.94
3894,81836.22
3895,81488.51
3896,81617.83
3897,81288.95
3898,81761.79
3899,80601.23
3900,80788.87
3901,80255.27
3902,80831.21
3903,80126.64
3904,80892.49
3905,80831.23
3906,83212.91
3907,80789.68
3908,83061.55
3909,80047.09
3910,83545.55
3911,82538.86
3912,81064.38
3913,80508.99
3914,84118.87
3915,80660.74
3916,81720.53
3917,81028.27
3918,82604.57
3919,83069.36
3920,81541.63
3921,82768.0
3922,82414.97
3923,81939.9
3924,81808.48
3925,82292.0
3926,81159.33
3927,82653.47
3928,81872.88
3929,82884.62
3930,82612.73
3931,82034.19
3932,82071.33
3933,84301.51
3934,80839.88
3935,82143.8
3936,82668.44
3937,85217.39
3938,81302.76
3939,81654.35
3940,82835.26
3941,82062.34
3942,81854.71
3943,82660.21
3944,82519.47
3945,82122.15
3946,81478.55
3947,82854.04
3948,82831.53
3949,82638.58
3950,82414.63
3951,81211.14
3952,82295.35
3953,81372.14
3954,83185.11
3955,83722.93
3956,82575.24
3957,83450.32
3958,83412.77
3959,83451.12
3960,82279.67
3961,81868.61
3962,83431.76
3963,82988.58
3964,81805.48
3965,83745.5
3966,82872.13
3967,81718.2
3968,82152.27
3969,81971.99
3970,83736.28
3971,84048.62
3972,81870.26
3973,84097.29
3974,83350.1
3975,82788.47
3976,82115.2
3977,83697.57
3978,82298.74
3979,83486.78
3980,83170.87
3981,84799.77
3982,82035.9
3983,83033.23
3984,84164.12
3985,83417.98
3986,82517.57
3987,84505.14
3988,84597.25
3989,83037.01
3990,83097.58
3991,83093.48
3992,83486.5
3993,84477.82
3994,83957.43
3995,83087.28
3996,85237.43
3997,82072.32
3998,85960.71
3999,85201.84
4000,83722.65
4001,82589.44
4002,84045.4
4003,84664.15
4004,83122.66
4005,82638.17
4006,85506.73
4007,84381.55
4008,84474.13
4009,82973.29
4010,82077.64
4011,82605.89
4012,86071.18
4013,84328.49
4014,83971.28
4015,85391.8
4016,83930.53
4017,84116.69
4018,85077.28
4019,86007.92
4020,85357.41
4021,84625.06
4022,84756.65
4023,85032.58
4024,83634.27
4025,84163.06
4026,84277.97
4027,84478.23
4028,85443.61
4029,85340.67
4030,86012.77
4031,85168.76
4032,84064.3
4033,83911.33
4034,83890.75
4035,85704.0
4036,84092.08
4037,83927.48
4038,84506.79
4039,85067.56
4040,83536.09
4041,85089.35
4042,83998.14
4043,85115.5
4044,85509.64
4045,84632.12
4046,83990.14
4047,86782.96
4048,84465.67
4049,85578.35
4050,84255.21
4051,85926.0
4052,85342.33
4053,85038.45
4054,86031.96
4055,85026.19
4056,86038.38
4057,85231.59
4058,84973.45
4059,85141.34
4060,85854.16
4061,85068.25
4062,85680.81
4063,85296.9
4064,85396.13
4065,85830.34
4066,84270.55
4067,84980.62
4068,84712.15
4069,84635.98
4070,88262.01
4071,87723.2
4072,85150.42
4073,85498.9
4074,85557.84
4075,85146.0
4076,86371.31
4077,85989.72
4078,85809.53
4079,86455.39
4080,85193.55
4081,85700.43
4082,86254.84
4083,87946.69
4084,85164.85
4085,87187.37
4086,86436.88
4087,85304.83
4088,84871.69
4089,86244.34
4090,86049.55
4091,88153.1
4092,86792.38
4093,87425.87
4094,86997.12
4095,87962.21
4096,87382.68
4097,86109.02
4098,87121.29
4099,88255.04
4100,87257.64
4101,87032.26
4102,85046.71
4103,86898.21
4104,87363.31
4105,85736.76
4106,86686.17
4107,85748.23
4108,85986.25
4109,86801.51
4110,86800.23
4111,86777.82
4112,87389.54
4113,86118.16
4114,87086.85
4115,87207.63
4116,87937.79
4117,87119.39
4118,86980.16
4119,86607.48
4120,85314.55
4121,88600.92
4122,87343.74
4123,86501.34
4124,85780.83
4125,88876.93
4126,89258.41
4127,86842.82
4128,86615.42
4129,87873.76
4130,87621.19
4131,85408.79
4132,87430.04
4133,88527.96
4134,87260.29
4135,88040.34
4136,87139.36
4137,86687.61
4138,88503.34
4139,88897.68
4140,85849.66
4141,87674.8
4142,87371.08
4143,87057.23
4144,88404.4
4145,87605.06
4146,88088.48
4147,88134.6
4148,87392.5
4149,87663.26
4150,87808.81
4151,87463.79
4152,89334.13
4153,87952.84
4154,86472.22
4155,87771.58
4156,88930.72
4157,88219.41
4158,85665.33
4159,88051.71
4160,85511.07
4161,89597.09
4162,87221.28
4163,87361.56
4164,89377.2
4165,89613.81
4166,89014.79
4167,88440.25
4168,89190.22
4169,86858.18
4170,88742.06
4171,86044.14
4172,88750.05
4173,86930.41
4174,88359.48
4175,89109.82
4176,87472.08
4177,88782.17
4178,90358.44
4179,87058.15
4180,89516.04
4181,88359.94
4182,89957.1
4183,91059.99
4184,90910.17
4185,88187.5
4186,89064.47
4187,88625.92
4188,89345.22
4189,89771.88
4190,88925.01
4191,87500.28
4192,88250.69
4193,88948.43
4194,90323.99
4195,87400.38
4196,89883.89
4197,90261.4
4198,89296.86
4199,90044.59
4200,91000.6
4201,90415.14
4202,88930.07
4203,88308.1
4204,88774.6
4205,89008.11
4206,88942.66
4207,87990.75
4208,89337.17
4209,89411.5
4210,87649.3
4211,90542.54
4212,90415.48
4213,90127.28
4214,88220.59
4215,91257.09
4216,88502.14
4217,90815.54
4218,88110.47
4219,89982.31
4220,89020.28
4221,88859.73
4222,89658.76
4223,88960.32
4224,89314.29
4225,90815.93
4226,90637.63
4227,91075.32
4228,89788.82
4229,88527.46
4230,89459.29
4231,92103.05
4232,93438.25
4233,92197.97
4234,89775.23
4235,91241.11
4236,90738.32
4237,89978.14
4238,88727.25
4239,90615.78
4240,91488.78
4241,89899.69
4242,90561.94
4243,90307.92
4244,90873.68
4245,90204.09
4246,91839.43
4247,91740.79
4248,89655.57
4249,89101.3
4250,91738.29
4251,88770.85
4252,89748.77
4253,91095.16
4254,91316.56
4255,90268.57
4256,90739.9
4257,89637.46
4258,92008.67
4259,91062.34
4260,91486.11
4261,91442.28
4262,90369.9
4263,90015.9
4264,90284.37
4265,91491.6
4266,91696.46
4267,91679.37
4268,89325.45
4269,90315.24
4270,90653.93
4271,90551.59
4272,90093.97
4273,90645.04
4274,90843.96
4275,90221.11
4276,90734.71
4277,91175.0
4278,92242.73
4279,91465.57
4280,91800.88
4281,90665.6
4282,92074.83
4283,91492.31
4284,90182.93
4285,91718.42
4286,90565.59
4287,91837.49
4288,89792.96
4289,93432.65
4290,92183.56
4291,91777.01
4292,90857.59
4293,92494.04
4294,92202.23
4295,91343.17
4296,91438.94
4297,89775.15
4298,90799.05
4299,91430.36
4300,93543.69
4301,91910.64
4302,91466.04
4303,92020.87
4304,92926.6
4305,90809.1
4306,93218.77
4307,91183.16
4308,92338.23
4309,94362.87
4310,89775.98
4311,91249.74
4312,93611.75
4313,91796.64
4314,90473.04
4315,91513.06
4316,91849.51
4317,90572.2
4318,91146.2
4319,91724.78
4320,90980.11
4321,92294.89
4322,91160.42
4323,92883.84
4324,93147.32
4325,91931.09
4326,91639.03
4327,93925.46
4328,93362.27
4329,92444.91
4330,93662.14
4331,94295.48
4332,93956.61
4333,91986.01
4334,91618.17
4335,90212.0
4336,91934.04
4337,92151.29
4338,93096.46
4339,92512.3
4340,92974.37
4341,93573.8
4342,93322.15
4343,90454.21
4344,91619.55
4345,92371.76
4346,92959.44
4347,92802.73
4348,94391.04
4349,92561.73
4350,91538.57
4351,92611.22
4352,92548.28
4353,93451.51
4354,90843.13
4355,92606.14
4356,93621.8
4357,93192.14
4358,94016.26
4359,94984.87
4360,92395.64
4361,92551.11
4362,92953.06
4363,91264.52
4364,94181.73
4365,93245.97
4366,93088.73
4367,93030.99
4368,94413.82
4369,93841.68
4370,93637.88
4371,93144.26
4372,94087.58
4373,93827.47
4374,95918.01
4375,93392.75
4376,93310.07
4377,95590.76
4378,93971.94
4379,94141.21
4380,93012.1
4381,93203.45
4382,91772.82
4383,94271.44
4384,92950.57
4385,92367.2
4386,94765.48
4387,95182.9
4388,92024.0
4389,94017.73
4390,93509.48
4391,94489.3
4392,94691.52
4393,94358.55
4394,93268.85
4395,94215.16
4396,95680.64
4397,96255.12
4398,95537.22
4399,94166.73
4400,92821.22
4401,94010.88
4402,93210.51
4403,92857.98
4404,93758.66
4405,94714.09
4406,93336.28
4407,93120.58
4408,95463.72
4409,95066.18
4410,93649.31
4411,95103.28
4412,94532.54
4413,94523.18
4414,95250.44
4415,93644.51
4416,95410.54
4417,94822.03
4418,94518.72
4419,95001.96
4420,94030.86
4421,94477.68
4422,94636.89
4423,95616.19
4424,93777.66
4425,94597.46
4426,94657.71
4427,95431.84
4428,93183.3
4429,94175.45
4430,93883.89
4431,93916.21
4432,96169.47
4433,92660.86
4434,94632.14
4435,94121.41
4436,93398.81
4437,93694.28
4438,94656.69
4439,93182.82
4440,95377.59
4441,94620.83
4442,94763.65
4443,94219.58
4444,93957.25
4445,94432.91
4446,95434.69
4447,95125.98
4448,96393.23
4449,94168.9
4450,97298.38
4451,95142.89
4452,97882.22
4453,96230.02
4454,95817.71
4455,96056.44
4456,94358.68
4457,95444.63
4458,93871.86
4459,96626.73
4460,94156.44
4461,95029.98
4462,95619.49
4463,94537.5
4464,94729.6
4465,95687.6
4466,94188.37
4467,96791.75
4468,97227.47
4469,96664.6
4470,95515.61
4471,95419.29
4472,96506.52
4473,95834.91
4474,97026.02
4475,94998.91
4476,94212.29
4477,94481.23
4478,96486.03
4479,96779.53
4480,96440.87
4481,96101.55
4482,95416.68
4483,94600.63
4484,96602.26
4485,96093.87
4486,95737.25
4487,94828.4
4488,97390.27
4489,96448.76
4490,95768.3
4491,97047.96
4492,96523.5
4493,97345.62
4494,96994.9
4495,96193.22
4496,97137.16
4497,95783.0
4498,95991.15
4499,99996.58
4500,97830.18
4501,97150.11
4502,99301.31
4503,97659.99
4504,98031.21
4505,97312.29
4506,96061.12
4507,97486.72
4508,97698.14
4509,95925.37
4510,95898.02
4511,98186.46
4512,96506.14
4513,96256.41
4514,96063.82
4515,96189.71
4516,98688.67
4517,97987.12
4518,95794.68
4519,96567.15
4520,99378.66
4521,97160.48
4522,95660.54
4523,95759.35
4524,96517.58
4525,98744.68
4526,98094.09
4527,95302.21
4528,97568.24
4529,97234.06
4530,98339.2
4531,97683.81
4532,97489.29
4533,97451.75
4534,98876.23
4535,99704.47
4536,97178.16
4537,97026.55
4538,98163.44
4539,99834.32
4540,96845.86
4541,96076.27
4542,96830.33
4543,98609.74
4544,97760.32
4545,98537.32
4546,99723.55
4547,97212.34
4548,98619.82
4549,97553.42
4550,97109.37
4551,96177.66
4552,99770.74
4553,98033.67
4554,97770.36
4555,97072.61
4556,98471.4
4557,97949.49
4558,98787.79
4559,97492.14
4560,98168.71
4561,97103.96
4562,98534.03
4563,98038.51
4564,96478.07
4565,97463.66
4566,99810.1
4567,101185.2
4568,98413.1
4569,98297.3
4570,98547.8
4571,98340.93
4572,99429.57
4573,99664.44
4574,99816.35
4575,97895.34
4576,99226.85
4577,99823.78
4578,98392.18
4579,98492.1
4580,100285.64
4581,97390.16
4582,97680.92
4583,99972.15
4584,98929.1
4585,99322.94
4586,99475.84
4587,98707.05
4588,99335.33
4589,98000.63
4590,100152.41
4591,99787.53
4592,98983.04
4593,99160.8
4594,97446.8
4595,98401.62
4596,101214.41
4597,99295.9
4598,98098.38
4599,98886.87
4600,99584.73
4601,101628.78
4602,98540.9
4603,99416.18
4604,99754.14
4605,99110.75
4606,97414.0
4607,97987.38
4608,99787.89
4609,97446.22
4610,101583.32
4611,103326.45
4612,98926.29
4613,99193.23
4614,99874.78
4615,98311.87
4616,99616.62
4617,100175.14
4618,100944.77
4619,100591.6
4620,99225.28
4621,100775.28
4622,99860.33
4623,98624.1
4624,101017.95
4625,100436.17
4626,99861.15
4627,100030.61
4628,99541.93
4629,100650.2
4630,101122.72
4631,99652.1
4632,101085.37
4633,99809.67
4634,100993.16
4635,101746.44
4636,101187.32
4637,99317.21
4638,99746.58
4639,100254.53
4640,98720.42
4641,102181.31
4642,99805.32
4643,100214.77
4644,101444.92
4645,100999.8
4646,99006.02
4647,102388.66
4648,100545.92
4649,101041.83
4650,102736.21
4651,98450.49
4652,100076.56
4653,101026.84
4654,101194.12
4655,101325.91
4656,101222.01
4657,99402.63
4658,99648.73
4659,100002.89
4660,101137.6
4661,100363.67
4662,100881.72
4663,101687.01
4664,100523.15
4665,101553.55
4666,102438.77
4667,101474.14
4668,102109.81
4669,101354.58
4670,100101.32
4671,100639.22
4672,100456.41
4673,100038.97
4674,102328.05
4675,102517.5
4676,101366.34
4677,100584.23
4678,100659.3
4679,102438.44
4680,100224.73
4681,102073.92
4682,100443.4
4683,100378.1
4684,100866.2
4685,101135.83
4686,100215.14
4687,102280.67
4688,100988.25
4689,101188.57
4690,103851.85
4691,102261.0
4692,103322.01
4693,100665.49
4694,101044.78
4695,100248.51
4696,102581.95
4697,102813.61
4698,99884.51
4699,101557.44
4700,104427.86
4701,101741.63
4702,101738.15
4703,102161.78
4704,103026.48
4705,102833.87
4706,103070.59
4707,101985.17
4708,101738.33
4709,102406.46
4710,101572.07
4711,100843.04
4712,101970.17
4713,99417.5
4714,101847.88
4715,101767.17
4716,102385.23
4717,101985.24
4718,102434.0
4719,101893.04
4720,102500.93
4721,102319.03
4722,102755.28
4723,102998.15
4724,104024.98
4725,100987.4
4726,102586.02
4727,102831.85
4728,103207.74
4729,103459.49
4730,102513.5
4731,102918.63
4732,103149.45
4733,102707.19
4734,101117.95
4735,103217.09
4736,104665.44
4737,105768.33
4738,103256.85
4739,100610.4
4740,104113.09
4741,103868.21
4742,102848.65
4743,102661.36
4744,103966.42
4745,102735.86
4746,103425.46
4747,102800.82
4748,103168.83
4749,102556.84
4750,100742.12
4751,100861.98
4752,103080.48
4753,101338.1
4754,101619.16
4755,103642.06
4756,103172.16
4757,105159.22
4758,104363.44
4759,102409.37
4760,102122.19
4761,102140.49
4762,102093.06
4763,102885.54
4764,102332.11
4765,102439.75
4766,103280.71
4767,102754.77
4768,104494.11
4769,103475.21
4770,104836.96
4771,104750.12
4772,103914.7
4773,103279.52
4774,103716.56
4775,102364.37
4776,104000.2
4777,103607.29
4778,104031.38
4779,103615.93
4780,105008.75
4781,103183.02
4782,104275.84
4783,102044.72
4784,102877.28
4785,105724.13
4786,103992.62
4787,102990.51
4788,104677.84
4789,103615.77
4790,101798.54
4791,104619.22
4792,104341.38
4793,105271.38
4794,103051.81
4795,103251.52
4796,105437.74
4797,104804.19
4798,105585.32
4799,106807.82
4800,104690.12
4801,102771.26
4802,104101.69
4803,105993.12
4804,105158.43
4805,105113.66
4806,104087.56
4807,104272.8
4808,102663.06
4809,103949.74
4810,104890.34
4811,105312.47
4812,103803.0
4813,104696.34
4814,102299.59
4815,105961.53
4816,105222.66
4817,103275.53
4818,103681.19
4819,105774.27
4820,104452.34
4821,103156.38
4822,106377.76
4823,106792.62
4824,106177.44
4825,105819.92
4826,105419.69
4827,103652.84
4828,104289.52
4829,105665.78
4830,104512.63
4831,107082.01
4832,107278.27
4833,104827.59
4834,105193.41
4835,107868.74
4836,105764.95
4837,105166.54
4838,107151.56
4839,105857.62
4840,104995.74
4841,105956.56
4842,107282.1
4843,103675.75
4844,105371.58
4845,104910.3
4846,105164.32
4847,105428.09
4848,105858.58
4849,103858.96
4850,106245.73
4851,107958.6
4852,103198.52
4853,104673.47
4854,106312.23
4855,105516.71
4856,106217.33
4857,104202.67
4858,106750.14
4859,104734.62
4860,107044.63
4861,104952.03
4862,107350.17
4863,105102.13
4864,106836.84
4865,109477.06
4866,105695.5
4867,106070.53
4868,107483.09
4869,105457.62
4870,105156.4
4871,106101.62
4872,106827.99
4873,107568.65
4874,107479.63
4875,106749.27
4876,107813.22
4877,106258.32
4878,104139.53
4879,106632.61
4880,106370.49
4881,105568.1
4882,103625.15
4883,106986.22
4884,107999.63
4885,105667.85
4886,108740.77
4887,106506.01
4888,106621.21
4889,106633.0
4890,105844.15
4891,107482.77
4892,107260.61
4893,106083.44
4894,108888.67
4895,107094.57
4896,108266.93
4897,108791.3
4898,107428.84
4899,106306.57
4900,106202.91
4901,107227.74
4902,107074.6
4903,109808.4
4904,107271.25
4905,108412.67
4906,109162.16
4907,107118.28
4908,107139.18
4909,107890.3
4910,106854.48
4911,106730.23
4912,105899.36
4913,106856.17
4914,108529.84
4915,106819.54
4916,108001.74
4917,108057.06
4918,105893.18
4919,105259.53
4920,108012.43
4921,107548.79
4922,107570.54
4923,107323.28
4924,107915.85
4925,109533.54
4926,108787.44
4927,107222.45
4928,108578.76
4929,109853.02
4930,108897.18
4931,108800.69
4932,107536.77
4933,106682.85
4934,106643.73
4935,107024.89
4936,108482.91
4937,108423.59
4938,107708.44
4939,107901.67
4940,109617.98
4941,107809.34
4942,107090.6
4943,109072.05
4944,107286.44
4945,108865.39
4946,108953.92
4947,108897.96
4948,107836.44
4949,110576.0
4950,109674.23
4951,109140.52
4952,108443.3
4953,106941.88
4954,109730.09
4955,107293.09
4956,108367.06
4957,107886.11
4958,107669.8
4959,109833.16
4960,108920.52
4961,109617.05
4962,107764.43
4963,107429.22
4964,109988.18
4965,108261.64
4966,108019.35
4967,108808.98
4968,110452.81
4969,110014.89
4970,109601.69
4971,110774.99
4972,106754.31
4973,108928.74
4974,107653.88
4975,112049.8
4976,109206.6
4977,111410.71
4978,108895.61
4979,107929.88
4980,109938.33
4981,111046.29
4982,106874.18
4983,109916.98
4984,109285.75
4985,108796.09
4986,109137.32
4987,110323.19
4988,108499.48
4989,109478.34
4990,109581.83
4991,109698.31
4992,109191.27
4993,109427.62
4994,109846.11
4995,108826.67
4996,107680.07
4997,109020.17
4998,109502.2
4999,109592.78
5000,109171.38
5001,109145.41
5002,108846.35
5003,108704.88
5004,107987.78
5005,108224.93
5006,110891.92
5007,110655.0
5008,110162.48
5009,109962.27
5010,110047.12
5011,111478.01
5012,108571.79
5013,110182.91
5014,109817.09
5015,107975.74
5016,109777.46
5017,109644.13
5018,107717.81
5019,109949.01
5020,110170.63
5021,111612.54
5022,109367.44
5023,109822.93
5024,109623.71
5025,110049.99
5026,108552.35
5027,111587.28
5028,110627.23
5029,110533.05
5030,108895.71
5031,110214.96
5032,110345.43
5033,113180.48
5034,109161.4
5035,112324.89
5036,109673.64
5037,111799.24
5038,111164.78
5039,109190.14
5040,112530.2
5041,109943.1
5042,108779.24
5043,110472.29
5044,109576.87
5045,112227.56
5046,110406.79
5047,113375.62
5048,111485.78
5049,112328.44
5050,111102.16
5051,112728.82
5052,111910.77
5053,112492.02
5054,110205.74
5055,112198.65
5056,112834.76
5057,110638.43
5058,110763.6
5059,111195.75
5060,108903.66
5061,111102.7
5062,109500.14
5063,111079.65
5064,112903.16
5065,110417.57
5066,109463.05
5067,110720.68
5068,112356.51
5069,112015.79
5070,112432.15
5071,111860.99
5072,113045.08
5073,110598.4
5074,112883.34
5075,110426.3
5076,112054.24
5077,112973.93
5078,112804.21
5079,110363.75
5080,110376.39
5081,110969.85
5082,111513.7
5083,112329.62
5084,111584.13
5085,111634.68
5086,109587.31
5087,112722.82
5088,111186.57
5089,113514.35
5090,113750.44
5091,113205.2
5092,111741.76
5093,113357.17
5094,112607.98
5095,111484.97
5096,112141.32
5097,110426.67
5098,115114.49
5099,111793.3
5100,114669.85
5101,111676.21
5102,113473.02
5103,111293.8
5104,113108.68
5105,112841.05
5106,113915.13
5107,112406.9
5108,113488.6
5109,110744.87
5110,115368.72
5111,113180.27
5112,113781.9
5113,112017.62
5114,112804.99
5115,112253.31
5116,112655.11
5117,113419.83
5118,111237.88
5119,113063.61
5120,111384.89
5121,113157.71
5122,113641.42
5123,113128.4
5124,111751.32
5125,112961.59
5126,112861.47
5127,113071.84
5128,115060.55
5129,113017.51
5130,112532.62
5131,112292.11
5132,112829.2
5133,112817.77
5134,114064.84
5135,113091.75
5136,113799.83
5137,113843.87
5138,114799.17
5139,112017.68
5140,113708.21
5141,112631.21
5142,115031.8
5143,114024.65
5144,115238.63
5145,113829.38
5146,112003.7
5147,113335.54
5148,113977.52
5149,114138.65
5150,114010.81
5151,114007.53
5152,112234.54
5153,113793.13
5154,116259.52
5155,114465.06
5156,112705.17
5157,114574.59
5158,114583.01
5159,113485.48
5160,113773.25
5161,112639.42
5162,114469.22
5163,115477.87
5164,113268.34
5165,114833.74
5166,112886.65
5167,114764.07
5168,113474.05
5169,113555.68
5170,113254.24
5171,112381.54
5172,114199.92
5173,115467.62
5174,112873.45
5175,113992.99
5176,115784.96
5177,112900.56
5178,114486.99
5179,114238.64
5180,115665.75
5181,115613.01
5182,114613.34
5183,114738.26
5184,113634.4
5185,117101.2
5186,116086.27
5187,114060.11
5188,112623.39
5189,116378.83
5190,114608.82
5191,113979.85
5192,117524.05
5193,113817.83
5194,113046.68
5195,117216.8
5196,113856.31
5197,113631.9
5198,114250.91
5199,114851.25
5200,112630.12
5201,113946.89
5202,115181.19
5203,114686.15
5204,115112.4
5205,114772.57
5206,114065.73
5207,118389.93
5208,115884.03
5209,114268.53
5210,115251.65
5211,114850.6
5212,116572.48
5213,115827.02
5214,116055.84
5215,115763.96
5216,114591.74
5217,117308.97
5218,113588.51
5219,115202.41
5220,116691.25
5221,113725.62
5222,115885.7
5223,114693.19
5224,114776.56
5225,115971.77
5226,115600.96
5227,114803.92
5228,114393.78
5229,114946.77
5230,116116.72
5231,116503.0
5232,117921.16
5233,116431.13
5234,116079.09
5235,115554.95
5236,115465.45
5237,115475.25
5238,116175.63
5239,116180.42
5240,116869.83
5241,115453.43
5242,115423.35
5243,113626.01
5244,118726.39
5245,115267.66
5246,118037.01
5247,114691.01
5248,118399.72
5249,116318.81
5250,117540.22
5251,116735.49
5252,117274.63
5253,118333.86
5254,114919.49
5255,115180.58
5256,120109.6
5257,116464.14
5258,116173.09
5259,115981.55
5260,117585.52
5261,116786.5
5262,116073.32
5263,115858.72
5264,116210.09
5265,117114.99
5266,115924.07
5267,115306.12
5268,116010.61
5269,119824.28
5270,117081.96
5271,119060.4
5272,117116.65
5273,117731.3
5274,115980.44
5275,116967.02
5276,116401.44
5277,116683.54
5278,115003.46
5279,117598.68
5280,118535.48
5281,115978.22
5282,118604.22
5283,116838.79
5284,115171.89
5285,116308.48
5286,118473.88
5287,116618.18
5288,116295.83
5289,116547.96
5290,115328.88
5291,117359.17
5292,118164.42
5293,119232.12
5294,114453.65
5295,118986.65
5296,118339.02
5297,119382.87
5298,118967.93
5299,117293.9
5300,117634.1
5301,118911.2
5302,116357.01
5303,117339.52
5304,118655.41
5305,118183.62
5306,118283.48
5307,117330.29
5308,118337.18
5309,115020.82
5310,117380.35
5311,118253.75
5312,120899.93
5313,119525.29
5314,117595.57
5315,118640.04
5316,119250.61
5317,118230.52
5318,121733.73
5319,117656.93
5320,117866.82
5321,118495.61
5322,116625.55
5323,116711.84
5324,116233.15
5325,117410.97
5326,118652.4
5327,117268.19
5328,118528.71
5329,117043.1
5330,117978.38
5331,118735.34
5332,120508.06
5333,119414.64
5334,118571.92
5335,118340.62
5336,121036.06
5337,120446.44
5338,120609.8
5339,117574.09
5340,118129.68
5341,116861.09
5342,118362.69
5343,120840.45
5344,118520.73
5345,119249.12
5346,118779.49
5347,117547.66
5348,117824.69
5349,119273.6
5350,118477.22
5351,120794.79
5352,120781.59
5353,119682.01
5354,120679.78
5355,117552.15
5356,119357.89
5357,120042.08
5358,121990.77
5359,119875.12
5360,119602.64
5361,118942.99
5362,119932.07
5363,119504.61
5364,119874.26
5365,120712.36
5366,119005.49
5367,118830.22
5368,120465.38
5369,120198.48
5370,118207.05
5371,118919.23
5372,119149.08
5373,122121.07
5374,119644.83
5375,121206.08
5376,118366.23
5377,120429.24
5378,118933.61
5379,119016.7
5380,120411.97
5381,120830.76
5382,121222.3
5383,119774.48
5384,118717.84
5385,120610.82
5386,119124.07
5387,118418.06
5388,119747.5
5389,119675.72
5390,121632.58
5391,120043.31
5392,119051.36
5393,120062.78
5394,119115.91
5395,119664.22
5396,119041.11
5397,121959.88
5398,120460.62
5399,121072.51
5400,118898.89
5401,120051.88
5402,121575.72
5403,120440.27
5404,119250.87
5405,118998.76
5406,120510.27
5407,121122.61
5408,122052.85
5409,119058.95
5410,121417.3
5411,119141.91
5412,118902.79
5413,119842.03
5414,121773.65
5415,118369.21
5416,121275.54
5417,121132.81
5418,119889.71
5419,122634.41
5420,120619.34
5421,122170.11
5422,120375.79
5423,118809.37
5424,122476.17
5425,122021.61
5426,121222.73
5427,119189.45
5428,122037.18
5429,122829.51
5430,121483.45
5431,120715.18
5432,121961.04
5433,121081.38
5434,118707.62
5435,122966.82
5436,121902.05
5437,121944.72
5438,121467.87
5439,120147.59
5440,120984.27
5441,123421.01
5442,121011.69
5443,121834.35
5444,123696.02
5445,123609.18
5446,120134.1
5447,122791.41
5448,122714.27
5449,123236.95
5450,121715.48
5451,122168.65
5452,120304.6
5453,119174.91
5454,120151.12
5455,119076.85
5456,120279.85
5457,119842.1
5458,120826.49
5459,120137.4
5460,121204.27
5461,121412.98
5462,122813.62
5463,119505.41
5464,123565.19
5465,119809.23
5466,119770.36
5467,124411.08
5468,123713.95
5469,120897.26
5470,124086.52
5471,121434.19
5472,121112.53
5473,124541.55
5474,121285.49
5475,122851.12
5476,122433.16
5477,122423.73
5478,123047.68
5479,120631.57
5480,123612.18
5481,119898.06
5482,120831.97
5483,121379.9
5484,122187.11
5485,122396.21
5486,122117.73
5487,122313.45
5488,124469.44
5489,120797.36
5490,124249.05
5491,123046.06
5492,121779.8
5493,121827.82
5494,119824.21
5495,120704.56
5496,122010.81
5497,124534.47
5498,121407.69
5499,120662.63
5500,122972.87
5501,121276.67
5502,125517.88
5503,122658.1
5504,122131.75
5505,122245.52
5506,123139.93
5507,123814.56
5508,123814.71
5509,121894.53
5510,124047.01
5511,122875.54
5512,124638.81
5513,123462.61
5514,121622.55
5515,121728.01
5516,122025.96
5517,123656.37
5518,123623.8
5519,123102.29
5520,122671.84
5521,125346.93
5522,124638.15
5523,122208.88
5524,121457.28
5525,123566.28
5526,122617.37
5527,125379.3
5528,125812.49
5529,123277.29
5530,123710.02
5531,123967.3
5532,122550.05
5533,123514.42
5534,122927.25
5535,121588.67
5536,125055.05
5537,126071.46
5538,123367.34
5539,122776.14
5540,125583.45
5541,125669.22
5542,123456.93
5543,123815.1
5544,122729.96
5545,123091.42
5546,121100.05
5547,123888.86
5548,122288.92
5549,126982.17
5550,122663.31
5551,123855.33
5552,121977.65
5553,125191.52
5554,124900.51
5555,124308.9
5556,125968.41
5557,125418.05
5558,126798.87
5559,126026.35
5560,125035.3
5561,125626.39
5562,124752.45
5563,125214.7
5564,125255.95
5565,124995.68
5566,123967.29
5567,124968.59
5568,126036.6
5569,125833.36
5570,125061.86
5571,126227.57
5572,125067.57
5573,124978.25
5574,122952.22
5575,121850.63
5576,123772.73
5577,123677.49
5578,126579.96
5579,124327.77
5580,125181.96
5581,124586.25
5582,124548.53
5583,127580.44
5584,125591.06
5585,124515.04
5586,125998.19
5587,125177.48
5588,124401.44
5589,127997.15
5590,123565.53
5591,124192.14
5592,127158.97
5593,124571.72
5594,126096.46
5595,125758.32
5596,126509.52
5597,129070.24
5598,126051.23
5599,125163.37
5600,126648.87
5601,124537.0
5602,124546.49
5603,127717.82
5604,125834.37
5605,125112.6
5606,124858.23
5607,126879.16
5608,124425.75
5609,128009.59
5610,126683.42
5611,124119.95
5612,127909.53
5613,126252.56
5614,127990.38
5615,126525.34
5616,124851.34
5617,126829.18
5618,124477.46
5619,123143.38
5620,127328.15
5621,124293.58
5622,126415.02
5623,126849.58
5624,127884.52
5625,128085.05
5626,124247.14
5627,125651.78
5628,125887.78
5629,128854.69
5630,126860.41
5631,125505.35
5632,127883.83
5633,125883.49
5634,127442.3
5635,125290.0
5636,125463.5
5637,126069.86
5638,127012.35
5639,125034.7
5640,126782.56
5641,132001.23
5642,125044.13
5643,127018.43
5644,130042.47
5645,126197.45
5646,126770.74
5647,126369.7
5648,129491.88
5649,126818.7
5650,130008.38
5651,126818.24
5652,126228.31
5653,127006.71
5654,125378.86
5655,126586.17
5656,126618.57
5657,124615.14
5658,127686.68
5659,126136.32
5660,129018.3
5661,129319.44
5662,125966.11
5663,127344.3
5664,130568.57
5665,127059.02
5666,127538.14
5667,126018.29
5668,130986.48
5669,123405.76
5670,124861.03
5671,127636.1
5672,125879.73
5673,129441.9
5674,128387.25
5675,126269.09
5676,126932.56
5677,128465.17
5678,127121.82
5679,126967.34
5680,126581.23
5681,128156.23
5682,128683.2
5683,129701.98
5684,128509.1
5685,127159.32
5686,129331.49
5687,127463.88
5688,129234.09
5689,126609.28
5690,128144.34
5691,128230.23
5692,128679.03
5693,124294.93
5694,128096.03
5695,128827.32
5696,129107.24
5697,125827.96
5698,125964.43
5699,125174.48
5700,130287.16
5701,130707.47
5702,127497.43
5703,128086.39
5704,131489.2
5705,126737.9
5706,127213.79
5707,129843.82
5708,127762.73
5709,127362.62
5710,127583.94
5711,128119.45
5712,128593.1
5713,130126.99
5714,127240.86
5715,129284.09
5716,127308.92
5717,130012.22
5718,129952.64
5719,129783.1
5720,128555.31
5721,130351.96
5722,129154.9
5723,127410.62
5724,129924.66
5725,128006.03
5726,129882.41
5727,128442.31
5728,129556.36
5729,129968.56
5730,128001.78
5731,129140.53
5732,130621.27
5733,129482.34
5734,129980.69
5735,130637.19
5736,130807.25
5737,126703.22
5738,130286.89
5739,130365.83
5740,130321.1
5741,129161.49
5742,128071.76
5743,128820.27
5744,130116.09
5745,129338.04
5746,131143.81
5747,127587.21
5748,128007.05
5749,130283.55
5750,128059.63
5751,129950.81
5752,131189.88
5753,129589.24
5754,128147.06
5755,129999.54
5756,130381.8
5757,127409.35
5758,129910.63
5759,130417.3
5760,130346.48
5761,130601.73
5762,128715.55
5763,130927.87
5764,127690.42
5765,129677.52
5766,129632.61
5767,128736.6
5768,131522.85
5769,128783.87
5770,131271.72
5771,129775.95
5772,131133.66
5773,133872.36
5774,129846.29
5775,130393.59
5776,127745.41
5777,129367.68
5778,131193.06
5779,131280.19
5780,131130.89
5781,130961.34
5782,129828.7
5783,132421.63
5784,129619.02
5785,129468.11
5786,129546.35
5787,129879.12
5788,130458.3
5789,131612.46
5790,134044.0
5791,130957.64
5792,131918.95
5793,133083.88
5794,131286.0
5795,127984.2
5796,132482.94
5797,130955.07
5798,130319.1
5799,129559.8
5800,132584.92
5801,130804.53
5802,129466.29
5803,130795.79
5804,129094.13
5805,130031.04
5806,131255.51
5807,129515.75
5808,129182.88
5809,131735.79
5810,132473.35
5811,132110.8
5812,133629.86
5813,129717.35
5814,131543.99
5815,131927.83
5816,134074.6
5817,132284.39
5818,131487.13
5819,128881.8
5820,132281.01
5821,132897.22
5822,128588.67
5823,133270.55
5824,131203.61
5825,135518.17
5826,130735.12
5827,132201.08
5828,130183.98
5829,132106.69
5830,133755.5
5831,132133.12
5832,130845.49
5833,130648.45
5834,130809.24
5835,131444.76
5836,130624.33
5837,131830.35
5838,132474.64
5839,132365.38
5840,128561.27
5841,131756.99
5842,132901.4
5843,131665.94
5844,129735.69
5845,133009.41
5846,134108.53
5847,133842.63
5848,133437.5
5849,134379.28
5850,133156.3
5851,129441.55
5852,133599.74
5853,134082.03
5854,131190.56
5855,131998.65
5856,134469.96
5857,133412.78
5858,132606.23
5859,133181.85
5860,133472.21
5861,130574.79
5862,132994.31
5863,134995.52
5864,131229.37
5865,135968.53
5866,132337.52
5867,133173.46
5868,133395.14
5869,130792.22
5870,129549.53
5871,130288.77
5872,134907.98
5873,133349.08
5874,132855.85
5875,132377.6
5876,130733.22
5877,132260.18
5878,133130.93
5879,130919.31
5880,132806.64
5881,134183.73
5882,133100.9
5883,131603.58
5884,131851.06
5885,132091.59
5886,132599.06
5887,134171.74
5888,135941.41
5889,132606.17
5890,131804.14
5891,133072.15
5892,132841.02
5893,133017.9
5894,134215.94
5895,134126.67
5896,135033.43
5897,134440.57
5898,135172.74
5899,133124.65
5900,134674.75
5901,133365.47
5902,134098.61
5903,136287.63
5904,132079.09
5905,135036.56
5906,134253.99
5907,136021.49
5908,135562.29
5909,132512.32
5910,135216.06
5911,136737.28
5912,134618.88
5913,136406.77
5914,135702.5
5915,133568.71
5916,132623.15
5917,135224.36
5918,132951.79
5919,132156.31
5920,132795.73
5921,134298.8
5922,134594.39
5923,132359.3
5924,134267.8
5925,135284.02
5926,134901.58
5927,134785.81
5928,136087.21
5929,134947.97
5930,133130.36
5931,132757.67
5932,137291.11
5933,134876.58
5934,132681.03
5935,135437.85
5936,132379.03
5937,134965.38
5938,137772.76
5939,132377.63
5940,135243.22
5941,134326.37
5942,135256.59
5943,137057.24
5944,134788.19
5945,134864.2
5946,134524.24
5947,139031.39
5948,137690.84
5949,132094.69
5950,135089.14
5951,133045.95
5952,134122.05
5953,133102.43
5954,135826.78
5955,134087.09
5956,134621.08
5957,135544.31
5958,134870.99
5959,135206.61
5960,134595.39
5961,135428.37
5962,135126.5
5963,135356.32
5964,134658.07
5965,132212.97
5966,139304.21
5967,135134.78
5968,137591.75
5969,134749.68
5970,134618.47
5971,134306.11
5972,135564.22
5973,138937.75
5974,133960.17
5975,136924.76
5976,135696.37
5977,134088.72
5978,139552.73
5979,136447.46
5980,133839.79
5981,133403.78
5982,137390.38
5983,137142.01
5984,133437.5
5985,136504.52
5986,135341.43
5987,136839.79
5988,135219.57
5989,135740.47
5990,136372.39
5991,134967.59
5992,134595.31
5993,135533.53
5994,137011.18
5995,138313.7
5996,136458.56
5997,135468.42
5998,136531.18
5999,134543.73
6000,137404.45
6001,137499.66
6002,135095.33
6003,140090.09
6004,135006.69
6005,137782.29
6006,134890.78
6007,134464.65
6008,139509.88
6009,135072.39
6010,137190.32
6011,137470.06
6012,135157.75
6013,133827.97
6014,135658.3
6015,136116.34
6016,136614.36
6017,137045.74
6018,136386.42
6019,136966.6
6020,135757.52
6021,135677.6
6022,136887.47
6023,134824.3
6024,138407.27
6025,138226.8
6026,136295.05
6027,136887.2
6028,138165.84
6029,135935.39
6030,136947.86
6031,136210.9
6032,136536.79
6033,139060.13
6034,135011.64
6035,137545.24
6036,135248.34
6037,138684.4
6038,136647.8
6039,136823.0
6040,139246.79
6041,136711.9
6042,136952.66
6043,134991.14
6044,137185.29
6045,136147.46
6046,137443.15
6047,137242.8
6048,136704.66
6049,137085.6
6050,137030.21
6051,137614.49
6052,136035.07
6053,139760.96
6054,137507.76
6055,137722.84
6056,138074.69
6057,138624.94
6058,137507.29
6059,139858.99
6060,141222.95
6061,137573.31
6062,141029.76
6063,137711.06
6064,138062.97
6065,139444.1
6066,135833.04
6067,139920.86
6068,136404.97
6069,137941.87
6070,140118.43
6071,137354.26
6072,139568.12
6073,140331.45
6074,138256.01
6075,139584.81
6076,137369.0
6077,139917.64
6078,140005.45
6079,136807.32
6080,140832.35
6081,140380.36
6082,137002.04
6083,139285.09
6084,138795.96
6085,139491.39
6086,137426.03
6087,137282.47
6088,139647.93
6089,139337.05
6090,140109.32
6091,139260.32
6092,138816.44
6093,137908.96
6094,137017.96
6095,138175.52
6096,137822.48
6097,140450.1
6098,138246.59
6099,139828.27
6100,140748.17
6101,138948.43
6102,140083.59
6103,140499.4
6104,138367.45
6105,140862.74
6106,137181.93
6107,139391.13
6108,138943.35
6109,136533.47
6110,139096.7
6111,139774.02
6112,138500.8
6113,140946.0
6114,140323.0
6115,140372.03
6116,142707.1
6117,138654.61
6118,138045.8
6119,137535.21
6120,137288.3
6121,141758.78
6122,137695.87
6123,142097.42
6124,142264.94
6125,138200.45
6126,140561.55
6127,141229.34
6128,139770.13
6129,138891.19
6130,140067.35
6131,141303.53
6132,137303.37
6133,136542.36
6134,139886.53
6135,139669.15
6136,141964.9
6137,139887.22
6138,139058.17
6139,137788.77
6140,141251.06
6141,141118.8
6142,140141.59
6143,138342.38
6144,139777.22
6145,140698.02
6146,138809.18
6147,141726.43
6148,140041.62
6149,138877.56
6150,138943.48
6151,141979.47
6152,138799.08
6153,142223.91
6154,138842.34
6155,141963.49
6156,138059.89
6157,140056.85
6158,141699.26
6159,142493.54
6160,141270.26
6161,142134.03
6162,140571.84
6163,139458.72
6164,140927.01
6165,140072.11
6166,141654.08
6167,140335.82
6168,137676.72
6169,140783.75
6170,137888.87
6171,140709.49
6172,139634.61
6173,139547.59
6174,139216.04
6175,140323.05
6176,139205.52
6177,139252.94
6178,142224.68
6179,141997.9
6180,142560.91
6181,142188.08
6182,141754.4
6183,139050.94
6184,142129.43
6185,140560.36
6186,145473.71
6187,142651.97
6188,137937.82
6189,140844.3
6190,140958.16
6191,141195.12
6192,141258.53
6193,141863.13
6194,141701.43
6195,141757.84
6196,142638.49
6197,141483.88
6198,143567.56
6199,145078.77
6200,144139.17
6201,141148.53
6202,142032.99
6203,143526.79
6204,141906.68
6205,141965.85
6206,141972.82
6207,144228.96
6208,140791.82
6209,141522.71
6210,141582.76
6211,140331.54
6212,140278.37
6213,142348.21
6214,142127.3
6215,141496.24
6216,141398.36
6217,140423.74
6218,142497.59
6219,142095.0
6220,143822.43
6221,144150.48
6222,142381.69
6223,142993.26
6224,142848.68
6225,140451.94
6226,143767.44
6227,142934.95
6228,139567.08
6229,143858.88
6230,143645.4
6231,141140.67
6232,143872.95
6233,142476.57
6234,145116.85
6235,143011.94
6236,144564.94
6237,141263.63
6238,142608.19
6239,145498.69
6240,141648.2
6241,145656.15
6242,143163.7
6243,144028.0
6244,146505.96
6245,143590.6
6246,141608.22
6247,143882.08
6248,144364.69
6249,145930.92
6250,143074.39
6251,145148.04
6252,146038.13
6253,144180.42
6254,139984.1
6255,141539.45
6256,142173.63
6257,143195.82
6258,144011.1
6259,144796.09
6260,140427.02
6261,142373.74
6262,144876.17
6263,142772.53
6264,144572.39
6265,143570.11
6266,145293.8
6267,144236.77
6268,145261.19
6269,145769.13
6270,144449.75
6271,141386.6
6272,142952.01
6273,143724.0
6274,146759.15
6275,145046.76
6276,142616.77
6277,144183.18
6278,145195.2
6279,145605.04
6280,141270.25
6281,142850.25
6282,144120.29
6283,142897.46
6284,143969.57
6285,147493.79
6286,146369.4
6287,146759.1
6288,143752.95
6289,144841.2
6290,144355.23
6291,142450.47
6292,144883.57
6293,140996.66
6294,145403.07
6295,146937.34
6296,141618.16
6297,145543.25
6298,144870.11
6299,143426.15
6300,142060.28
6301,143154.98
6302,144913.19
6303,143131.79
6304,143334.22
6305,141586.14
6306,145092.69
6307,143417.36
6308,141166.66
6309,143312.34
6310,145584.68
6311,147066.28
6312,146956.14
6313,149927.17
6314,144059.09
6315,146578.41
6316,146005.22
6317,143938.34
6318,145685.98
6319,144613.98
6320,145359.02
6321,143910.72
6322,143418.07
6323,145206.27
6324,142129.58
6325,146603.13
6326,143894.4
6327,144157.1
6328,144371.82
6329,149860.88
6330,145518.25
6331,146556.71
6332,147724.55
6333,142022.01
6334,144816.12
6335,144595.87
6336,143287.42
6337,145498.12
6338,146728.61
6339,149849.61
6340,145247.79
6341,141167.1
6342,145041.24
6343,146288.92
6344,146739.17
6345,143869.75
6346,148523.7
6347,145640.63
6348,146539.06
6349,146185.84
6350,147290.56
6351,147038.03
6352,145741.62
6353,143675.5
6354,142649.42
6355,146679.86
6356,145989.96
6357,144425.84
6358,148023.84
6359,147391.52
6360,145905.63
6361,145607.37
6362,146932.13
6363,145910.18
6364,145625.75
6365,145139.63
6366,148689.57
6367,143945.28
6368,147434.85
6369,144135.93
6370,147833.77
6371,145135.66
6372,145385.86
6373,145967.12
6374,146398.65
6375,144892.15
6376,147148.03
6377,147472.2
6378,145687.4
6379,147862.48
6380,148016.24
6381,147824.77
6382,144943.74
6383,147685.79
6384,147760.87
6385,143338.75
6386,145790.77
6387,147015.29
6388,148921.81
6389,146139.24
6390,147584.12
6391,147005.56
6392,147023.81
6393,147933.84
6394,144814.08
6395,148046.99
6396,145872.14
6397,147440.63
6398,148640.83
6399,146756.53
6400,150982.88
6401,146271.7
6402,144904.37
6403,144616.13
6404,147914.66
6405,150291.42
6406,148832.65
6407,148860.8
6408,145971.73
6409,147180.79
6410,146118.65
6411,148221.08
6412,146925.58
6413,147299.54
6414,152130.91
6415,147675.42
6416,146477.39
6417,146754.73
6418,144645.19
6419,147918.83
6420,146127.88
6421,147181.58
6422,148047.11
6423,147514.95
6424,147333.13
6425,146873.14
6426,149373.58
6427,148378.52
6428,147092.71
6429,147140.82
6430,150428.94
6431,148288.97
6432,146256.29
6433,147004.84
6434,147618.24
6435,147902.87
6436,147614.49
6437,145674.5
6438,150025.17
6439,147248.09
6440,145381.72
6441,149801.61
6442,147976.53
6443,148708.09
6444,150231.71
6445,147978.19
6446,146517.83
6447,147902.29
6448,149073.62
6449,146661.08
6450,147774.7
6451,149857.44
6452,147850.41
6453,150632.59
6454,152416.8
6455,149129.23
6456,148739.28
6457,149234.57
6458,148736.63
6459,151341.59
6460,145502.45
6461,148272.52
6462,146718.16
6463,146398.58
6464,148571.2
6465,146090.69
6466,153189.65
6467,148642.64
6468,152061.0
6469,150774.49
6470,150659.47
6471,150176.68
6472,149529.03
6473,150416.7
6474,150139.16
6475,150283.4
6476,147117.2
6477,152842.98
6478,149418.19
6479,150294.97
6480,149402.21
6481,149618.58
6482,148763.68
6483,149602.32
6484,148519.86
6485,146994.37
6486,150657.03
6487,148708.58
6488,145743.38
6489,151039.63
6490,148308.7
6491,151299.82
6492,146966.96
6493,150418.7
6494,153486.8
6495,151321.59
6496,150951.9
6497,149331.46
6498,149101.76
6499,148106.63
6500,149916.3
6501,146650.03
6502,149478.67
6503,151920.32
6504,149253.78
6505,150627.29
6506,150444.72
6507,150986.47
6508,148945.28
6509,147314.58
6510,150615.06
6511,148801.77
6512,150564.59
6513,149506.97
6514,150937.59
6515,148594.95
6516,151182.71
6517,150713.87
6518,147358.42
6519,150974.47
6520,151375.77
6521,151946.0
6522,151139.52
6523,152595.42
6524,153236.52
6525,152913.2
6526,148416.97
6527,150357.41
6528,150298.28
6529,152961.67
6530,149786.7
6531,152880.64
6532,151940.31
6533,150218.38
6534,151341.91
6535,152813.67
6536,151192.93
6537,148819.1
6538,150346.03
6539,152044.29
6540,149687.54
6541,149718.8
6542,151604.04
6543,149005.98
6544,147849.32
6545,153287.06
6546,152869.6
6547,152650.82
6548,153417.64
6549,150479.83
6550,151159.76
6551,153688.03
6552,152089.88
6553,150046.18
6554,150060.54
6555,155828.73
6556,149622.47
6557,151641.37
6558,153370.0
6559,151777.41
6560,149261.17
6561,153346.66
6562,150702.56
6563,148497.28
6564,151388.54
6565,153301.99
6566,152873.55
6567,153775.13
6568,152269.57
6569,152995.29
6570,153285.83
6571,152515.33
6572,151325.72
6573,151144.95
6574,150821.91
6575,151162.54
6576,151832.31
6577,150910.83
6578,149243.4
6579,152600.09
6580,154030.88
6581,156631.19
6582,153465.23
6583,152922.61
6584,152206.95
6585,151027.97
6586,153052.98
6587,154222.84
6588,151043.85
6589,150077.42
6590,153073.51
6591,153585.67
6592,153134.85
6593,148330.88
6594,152294.57
6595,152060.53
6596,152227.14
6597,151553.43
6598,151505.85
6599,151942.22
6600,152549.56
6601,151101.29
6602,152330.74
6603,151935.95
6604,152236.19
6605,154883.01
6606,151440.57
6607,152395.29
6608,151501.83
6609,154058.33
6610,152844.96
6611,155762.41
6612,154032.56
6613,150599.83
6614,155079.37
6615,155969.44
6616,153806.65
6617,151585.28
6618,152921.83
6619,151441.08
6620,156570.04
6621,152554.79
6622,152794.55
6623,155081.9
6624,152171.12
6625,154031.68
6626,153975.37
6627,152459.27
6628,155783.38
6629,152331.04
6630,154512.09
6631,151958.4
6632,152589.01
6633,154446.82
6634,153929.2
6635,152082.39
6636,152912.02
6637,153371.59
6638,153333.13
6639,151856.26
6640,154855.06
6641,153151.44
6642,153559.69
6643,151443.83
6644,152586.15
6645,154703.71
6646,155239.45
6647,151537.37
6648,155274.21
6649,153399.13
6650,156192.23
6651,155260.06
6652,153725.31
6653,154912.42
6654,154989.87
6655,153879.06
6656,153112.79
6657,153497.51
6658,152707.68
6659,156691.62
6660,155145.16
6661,155044.83
6662,153860.77
6663,155345.76
6664,153743.8
6665,154926.16
6666,155509.84
6667,155211.81
6668,154003.43
6669,154220.86
6670,153831.12
6671,156952.5
6672,154099.69
6673,153448.97
6674,158301.49
6675,153174.57
6676,154622.79
6677,152603.7
6678,154009.3
6679,153193.74
6680,154351.18
6681,157936.59
6682,156278.78
6683,154073.95
6684,155547.78
6685,153112.87
6686,155463.79
6687,152282.25
6688,154447.36
6689,154514.39
6690,154259.31
6691,154342.61
6692,158387.55
6693,155183.85
6694,159847.42
6695,157578.37
6696,154546.24
6697,160127.14
6698,155442.76
6699,153923.96
6700,155494.19
6701,156913.33
6702,155989.9
6703,155906.03
6704,155824.88
6705,153650.74
6706,154840.53
6707,155798.69
6708,158034.02
6709,155065.07
6710,155461.07
6711,155395.81
6712,159895.05
6713,154595.31
6714,153068.12
6715,157060.25
6716,157541.47
6717,158325.5
6718,158091.83
6719,157118.13
6720,157808.82
6721,154554.92
6722,155432.43
6723,161262.86
6724,160180.14
6725,154933.78
6726,155223.89
6727,155427.77
6728,156857.02
6729,156579.29
6730,158970.41
6731,156813.7
6732,155776.2
6733,159861.64
6734,155541.29
6735,156374.79
6736,155993.88
6737,158149.28
6738,157459.59
6739,154077.1
6740,158448.04
6741,161384.56
6742,158237.82
6743,155217.06
6744,158026.88
6745,154103.81
6746,156533.45
6747,155797.61
6748,160124.05
6749,159144.9
6750,158824.01
6751,156356.25
6752,160404.24
6753,157462.07
6754,156333.64
6755,157860.77
6756,156460.23
6757,154948.11
6758,155094.85
6759,156611.62
6760,153880.22
6761,158432.76
6762,159501.37
6763,158430.98
6764,158683.05
6765,158485.27
6766,158081.47
6767,157917.89
6768,156057.42
6769,157983.83
6770,156465.38
6771,156138.22
6772,156224.79
6773,156906.51
6774,157389.24
6775,158166.58
6776,158238.35
6777,155368.96
6778,158603.22
6779,159606.06
6780,156546.83
6781,159179.95
6782,157309.4
6783,157292.29
6784,155272.98
6785,155974.56
6786,157412.15
6787,155692.25
6788,158488.06
6789,155491.16
6790,157508.01
6791,154875.99
6792,159981.01
6793,159431.07
6794,156481.49
6795,157477.29
6796,156352.21
6797,161780.13
6798,156310.63
6799,159749.04
6800,156946.97
6801,156651.57
6802,156157.16
6803,160789.74
6804,157884.31
6805,155593.7
6806,159414.93
6807,159416.55
6808,158379.35
6809,158595.56
6810,158289.7
6811,159094.02
6812,157915.92
6813,160901.27
6814,158597.15
6815,158922.4
6816,157413.84
6817,158435.08
6818,159398.09
6819,156779.39
6820,163017.83
6821,159476.58
6822,159341.03
6823,160148.99
6824,158537.19
6825,160916.02
6826,157701.81
6827,155663.05
6828,157187.93
6829,162421.19
6830,160315.69
6831,157538.77
6832,157989.25
6833,159381.49
6834,161991.52
6835,158269.89
6836,157922.58
6837,158749.49
6838,161005.67
6839,156729.58
6840,156880.76
6841,159825.28
6842,157779.49
6843,160717.62
6844,158746.22
6845,159282.78
6846,160467.12
6847,158382.35
6848,157795.97
6849,159528.61
6850,160073.91
6851,160106.45
6852,157686.03
6853,158837.55
6854,158599.11
6855,160068.61
6856,160821.18
6857,156788.24
6858,159523.14
6859,158382.7
6860,158026.53
6861,159861.43
6862,157835.69
6863,158466.89
6864,157319.96
6865,158757.29
6866,160503.37
6867,159800.94
6868,158558.01
6869,160592.23
6870,163063.98
6871,159467.22
6872,163292.04
6873,159272.78
6874,160774.93
6875,161637.73
6876,163347.27
6877,161660.72
6878,157969.15
6879,159337.51
6880,161530.25
6881,158957.94
6882,157981.01
6883,160372.03
6884,160655.16
6885,162017.89
6886,160748.67
6887,160463.81
6888,157342.52
6889,162696.05
6890,158242.26
6891,158110.92
6892,157961.92
6893,160279.72
6894,160827.29
6895,160775.92
6896,159352.29
6897,162594.92
6898,166535.41
6899,160915.81
6900,160598.11
6901,160203.04
6902,160339.26
6903,161269.65
6904,160984.88
6905,161906.41
6906,162153.18
6907,159982.24
6908,162321.21
6909,161146.14
6910,161815.69
6911,160343.7
6912,160164.74
6913,162634.32
6914,159378.69
6915,162807.1
6916,161413.76
6917,165673.93
6918,161356.96
6919,159195.81
6920,160691.92
6921,161221.41
6922,161714.86
6923,160014.1
6924,160894.54
6925,163206.91
6926,161364.21
6927,162526.0
6928,159918.0
6929,162637.15
6930,162550.69
6931,162242.91
6932,161315.39
6933,162254.35
6934,163282.18
6935,160615.15
6936,161919.46
6937,161639.14
6938,160923.66
6939,162971.52
6940,163114.82
6941,163084.54
6942,161983.83
6943,161647.56
6944,161184.71
6945,164181.52
6946,163278.78
6947,160502.34
6948,164294.15
6949,162782.36
6950,162384.73
6951,162302.46
6952,163247.35
6953,162423.67
6954,164687.42
6955,161825.81
6956,162719.92
6957,161096.84
6958,161004.1
6959,163390.41
6960,165974.46
6961,164074.67
6962,163275.54
6963,160787.93
6964,163651.49
6965,163276.16
6966,164652.51
6967,161107.62
6968,161682.5
6969,164453.4
6970,165112.79
6971,160594.7
6972,166198.02
6973,164646.98
6974,164223.2
6975,169232.54
6976,164365.02
6977,164015.79
6978,164187.62
6979,159004.59
6980,163906.15
6981,162399.65
6982,165954.4
6983,163353.28
6984,161425.75
6985,163698.69
6986,165484.28
6987,164874.71
6988,163531.78
6989,165369.01
6990,162583.53
6991,165663.26
6992,163957.46
6993,164421.54
6994,162991.97
6995,165435.72
6996,159396.3
6997,162000.57
6998,162944.4
6999,166655.7
7000,159574.91
7001,168223.59
7002,164087.64
7003,164523.48
7004,167881.9
7005,163413.74
7006,162017.39
7007,160989.06
7008,162125.62
7009,162025.12
7010,166202.98
7011,162868.37
7012,168335.59
7013,162108.89
7014,163358.71
7015,165147.93
7016,163586.72
7017,161175.7
7018,165139.51
7019,167278.79
7020,166665.56
7021,162627.81
7022,165936.54
7023,167616.59
7024,164552.86
7025,165308.03
7026,167106.1
7027,162161.92
7028,165927.09
7029,165475.61
7030,163923.85
7031,163152.66
7032,165084.44
7033,164773.04
7034,165548.67
7035,165104.5
7036,166640.09
7037,164405.12
7038,165934.34
7039,164047.18
7040,165545.58
7041,165394.62
7042,161660.5
7043,162780.15
7044,166768.39
7045,167741.93
7046,165009.52
7047,163977.98
7048,165159.07
7049,164731.57
7050,167398.57
7051,163780.12
7052,164430.1
7053,167798.25
7054,163791.59
7055,162531.4
7056,164510.84
7057,164324.22
7058,165525.45
7059,166047.58
7060,164538.31
7061,164732.37
7062,165055.03
7063,164807.67
7064,165786.65
7065,164832.74
7066,166178.16
7067,163080.71
7068,165755.17
7069,164709.08
7070,165205.01
7071,165181.88
7072,166210.59
7073,164951.19
7074,164040.68
7075,163989.61
7076,164288.96
7077,166454.63
7078,169336.23
7079,166600.17
7080,162848.04
7081,165610.12
7082,167442.16
7083,166651.47
7084,166171.47
7085,167407.92
7086,165424.21
7087,166635.7
7088,167970.06
7089,166558.35
7090,167944.55
7091,164715.49
7092,168035.84
7093,167989.92
7094,164169.36
7095,165630.42
